-1.71749E-1	1.10233E+2	1.27437E+2	6.64640E+0	0.00000E+0
-1.61904E-1	1.13054E+2	1.29629E+2	6.68663E+0	1.67987E-2
-1.67374E-1	1.08466E+2	1.27682E+2	6.71703E+0	9.99083E-2
-1.38931E-1	1.09254E+2	1.73366E+2	6.38032E+0	1.16613E-1
-1.82689E-1	1.12392E+2	1.32317E+2	6.67638E+0	1.33423E-1
-1.62998E-1	1.10622E+2	1.28712E+2	6.59966E+0	1.50007E-1
-1.59716E-1	1.07429E+2	1.62433E+2	6.54875E+0	1.66523E-1
-1.69562E-1	1.12240E+2	1.25394E+2	6.92298E+0	1.83410E-1
-1.57528E-1	1.08632E+2	1.27214E+2	6.17649E+0	1.99909E-1
-1.83783E-1	1.10553E+2	1.23164E+2	6.41285E+0	2.33330E-1
-1.65186E-1	1.11480E+2	1.29836E+2	6.44360E+0	2.50038E-1
-1.71749E-1	1.11245E+2	1.35237E+2	6.55326E+0	2.66690E-1
-1.53152E-1	1.09922E+2	1.36756E+2	6.34007E+0	2.99962E-1
-1.67374E-1	1.13060E+2	1.27934E+2	6.67634E+0	3.16771E-1
-1.73937E-1	1.10184E+2	1.28231E+2	6.59196E+0	3.49971E-1
-1.81595E-1	1.13479E+2	1.27666E+2	6.47593E+0	4.00116E-1
-1.47683E-1	1.13562E+2	1.29561E+2	6.29900E+0	4.16782E-1
-1.67374E-1	1.11350E+2	1.28683E+2	6.40067E+0	4.66678E-1
-1.49871E-1	1.06970E+2	1.31550E+2	6.55945E+0	5.16468E-1
-1.62998E-1	1.17119E+2	1.29376E+2	6.51147E+0	5.33604E-1
-1.40025E-1	1.11229E+2	1.28298E+2	6.39860E+0	5.49994E-1
-1.83783E-1	1.09334E+2	1.25758E+2	6.40347E+0	5.66574E-1
-1.60810E-1	1.09002E+2	1.30564E+2	6.44068E+0	5.83223E-1
-1.76125E-1	1.12789E+2	1.23906E+2	6.66974E+0	6.16732E-1
-1.73937E-1	1.10839E+2	1.37074E+2	6.51746E+0	6.49969E-1
-1.73937E-1	1.09277E+2	1.90139E+2	6.72051E+0	6.83226E-1
-1.53152E-1	1.11339E+2	1.26509E+2	6.65168E+0	6.99987E-1
-1.47683E-1	1.08726E+2	2.08543E+2	6.28121E+0	7.49861E-1
-1.66280E-1	1.07453E+2	1.27426E+2	6.54588E+0	7.99796E-1
-1.76125E-1	1.09167E+2	1.32130E+2	6.59970E+0	8.16539E-1
-1.77219E-1	1.11600E+2	1.25192E+2	6.79122E+0	8.83310E-1
-1.60810E-1	1.12704E+2	1.29184E+2	6.56467E+0	9.00027E-1
-1.71749E-1	1.09994E+2	1.32632E+2	6.55182E+0	9.49894E-1
-1.69562E-1	1.08819E+2	1.57732E+2	6.66572E+0	9.66505E-1
-1.55340E-1	1.11373E+2	1.77151E+2	6.57532E+0	1.01662E+0
-1.71749E-1	1.09258E+2	1.24162E+2	6.29041E+0	1.03319E+0
-1.76125E-1	1.11733E+2	1.87864E+2	6.70790E+0	1.04997E+0
-1.72843E-1	1.09503E+2	1.26526E+2	6.39299E+0	1.18318E+0
-1.46589E-1	1.07905E+2	1.27775E+2	6.73693E+0	1.21644E+0
-1.73937E-1	1.11749E+2	1.25250E+2	6.41087E+0	1.24995E+0
-1.72843E-1	1.08402E+2	1.26433E+2	6.59476E+0	1.26646E+0
-1.49871E-1	1.07780E+2	1.41747E+2	6.41789E+0	1.29975E+0
-1.77219E-1	1.13080E+2	1.42836E+2	6.53630E+0	1.31667E+0
-1.62998E-1	1.11725E+2	1.96169E+2	6.69432E+0	1.33327E+0
-1.71749E-1	1.14863E+2	1.26328E+2	6.63492E+0	1.35008E+0
-1.43307E-1	1.06694E+2	2.05677E+2	6.36204E+0	1.36637E+0
-1.84877E-1	1.11399E+2	1.23508E+2	6.64810E+0	1.39992E+0
-1.34555E-1	1.07112E+2	1.32099E+2	6.41235E+0	1.44971E+0
-1.49871E-1	1.08191E+2	1.35707E+2	6.26418E+0	1.48309E+0
-1.69562E-1	1.09775E+2	1.47891E+2	6.67618E+0	1.49983E+0
-1.79407E-1	1.10687E+2	1.25199E+2	6.63003E+0	1.51654E+0
-1.84877E-1	1.10356E+2	1.24095E+2	6.81703E+0	1.54985E+0
-1.59716E-1	1.10452E+2	1.32757E+2	6.58015E+0	1.58319E+0
-1.49871E-1	1.10328E+2	1.27306E+2	6.53620E+0	1.59985E+0
-1.53152E-1	1.09471E+2	1.35315E+2	6.59691E+0	1.63314E+0
-1.48777E-1	1.08641E+2	1.32516E+2	6.14500E+0	1.64976E+0
-1.69562E-1	1.12913E+2	1.29446E+2	6.74649E+0	1.66663E+0
-1.78313E-1	1.08890E+2	1.25575E+2	6.66989E+0	1.68311E+0
-1.56434E-1	1.14165E+2	1.27127E+2	6.61096E+0	1.71668E+0
-1.49871E-1	1.11064E+2	1.33765E+2	6.23652E+0	1.79986E+0
-1.81595E-1	1.11589E+2	1.27206E+2	6.42869E+0	1.84988E+0
-1.57528E-1	1.07469E+2	1.29156E+2	6.38316E+0	1.86636E+0
-1.68468E-1	1.07428E+2	1.27121E+2	6.68862E+0	1.88302E+0
-1.84877E-1	1.12161E+2	1.27132E+2	6.58513E+0	1.91657E+0
-1.46589E-1	1.11498E+2	1.40538E+2	6.69946E+0	1.94987E+0
-1.61904E-1	1.11484E+2	1.28881E+2	6.60151E+0	1.96653E+0
-1.71749E-1	1.08041E+2	1.33613E+2	6.52863E+0	1.99971E+0
-1.71749E-1	1.09488E+2	1.31343E+2	6.42179E+0	2.01644E+0
-1.30179E-1	1.08893E+2	1.37949E+2	6.22140E+0	2.03308E+0
-1.81595E-1	1.09861E+2	1.27894E+2	6.75288E+0	2.04979E+0
-1.75031E-1	1.12308E+2	1.29875E+2	6.73635E+0	2.08323E+0
-1.79407E-1	1.11511E+2	1.21446E+2	6.25601E+0	2.09986E+0
-1.81595E-1	1.09589E+2	1.39611E+2	6.59887E+0	2.13310E+0
-1.55340E-1	1.09354E+2	1.45046E+2	6.64346E+0	2.14976E+0
-1.62998E-1	1.13571E+2	1.28707E+2	6.64367E+0	2.16662E+0
-1.65186E-1	1.10902E+2	1.28433E+2	6.27894E+0	2.18316E+0
-1.66280E-1	1.11396E+2	1.29572E+2	6.63064E+0	2.19985E+0
-2.02380E-1	1.11423E+2	1.31470E+2	6.86921E+0	2.21652E+0
-1.53152E-1	1.10400E+2	1.23168E+2	6.30224E+0	2.26646E+0
-1.75031E-1	1.14212E+2	1.27669E+2	6.54320E+0	2.29997E+0
-1.85971E-1	1.11806E+2	1.91965E+2	6.87931E+0	2.31653E+0
-1.71749E-1	1.12069E+2	1.29611E+2	6.65677E+0	2.33320E+0
-1.85971E-1	1.14198E+2	1.28556E+2	6.56354E+0	2.36664E+0
-1.70655E-1	1.10029E+2	1.83860E+2	6.57353E+0	2.44977E+0
-1.70655E-1	1.10886E+2	1.29162E+2	6.77233E+0	2.46647E+0
-1.76125E-1	1.09573E+2	1.30335E+2	6.58122E+0	2.48308E+0
-1.75031E-1	1.12577E+2	1.34708E+2	6.72517E+0	2.51655E+0
-1.50964E-1	1.10490E+2	1.31699E+2	7.02110E+0	2.56645E+0
-1.73937E-1	1.17046E+2	1.39118E+2	6.50202E+0	2.60009E+0
-1.64092E-1	1.10010E+2	1.87788E+2	6.59380E+0	2.61643E+0
-1.62998E-1	1.06402E+2	1.32803E+2	6.33959E+0	2.64959E+0
-1.61904E-1	1.16673E+2	1.27525E+2	6.48095E+0	2.68340E+0
-1.85971E-1	1.12221E+2	1.25776E+2	6.50778E+0	2.69986E+0
-1.69562E-1	1.10686E+2	1.46230E+2	6.54471E+0	2.73312E+0
-1.67374E-1	1.09539E+2	1.38581E+2	6.37297E+0	2.74973E+0
-1.48777E-1	1.08364E+2	1.31217E+2	6.44423E+0	2.76634E+0
-1.88159E-1	1.08702E+2	1.25755E+2	6.44960E+0	2.81635E+0
-1.52058E-1	1.08122E+2	1.97139E+2	6.39149E+0	2.83300E+0
-1.42213E-1	1.10776E+2	2.17573E+2	6.73507E+0	2.88311E+0
-1.75031E-1	1.11782E+2	1.94310E+2	6.63089E+0	2.91649E+0
-1.69562E-1	1.12681E+2	1.32017E+2	6.64075E+0	2.93319E+0
-1.73937E-1	1.08546E+2	1.24618E+2	6.34592E+0	2.98300E+0
-1.70655E-1	1.08297E+2	1.29954E+2	6.34686E+0	2.99965E+0
-1.78313E-1	1.11834E+2	1.49634E+2	7.02687E+0	3.03315E+0
-1.48777E-1	1.07548E+2	1.31167E+2	6.36803E+0	3.06628E+0
-1.89253E-1	1.09553E+2	1.28127E+2	6.68715E+0	3.08304E+0
-1.83783E-1	1.13445E+2	1.28331E+2	6.69180E+0	3.11655E+0
-1.42213E-1	1.11032E+2	1.30446E+2	6.46323E+0	3.21643E+0
-1.56434E-1	1.08032E+2	1.26380E+2	6.67631E+0	3.23296E+0
-1.45495E-1	1.06870E+2	1.32045E+2	6.00105E+0	3.24957E+0
-1.84877E-1	1.13009E+2	1.28220E+2	6.65009E+0	3.26652E+0
-1.82689E-1	1.10701E+2	1.55198E+2	6.71939E+0	3.31642E+0
-1.76125E-1	1.08033E+2	1.31232E+2	6.30699E+0	3.34962E+0
-1.80501E-1	1.10535E+2	1.33364E+2	6.60725E+0	3.36640E+0
-1.54246E-1	1.07508E+2	1.31362E+2	6.39947E+0	3.38293E+0
-1.68468E-1	1.10549E+2	1.30055E+2	6.56246E+0	3.39973E+0
-1.96910E-1	1.15410E+2	1.31633E+2	6.88400E+0	3.43329E+0
-1.80501E-1	1.13129E+2	1.43225E+2	6.62968E+0	3.44985E+0
-1.70655E-1	1.11498E+2	1.26582E+2	6.62039E+0	3.46644E+0
-1.65186E-1	1.07820E+2	1.30436E+2	6.21278E+0	3.48293E+0
-1.70655E-1	1.08553E+2	1.30479E+2	6.35100E+0	3.49963E+0
-1.60810E-1	1.07526E+2	1.29234E+2	6.01330E+0	3.54958E+0
-1.67374E-1	1.11314E+2	1.43049E+2	6.55604E+0	3.56642E+0
-1.62998E-1	1.13277E+2	1.32820E+2	6.77954E+0	3.58317E+0
-1.75031E-1	1.10553E+2	1.29638E+2	6.57887E+0	3.59971E+0
-1.56434E-1	1.09569E+2	1.42047E+2	6.46757E+0	3.61633E+0
-1.82689E-1	1.12072E+2	1.29673E+2	6.74425E+0	3.63311E+0
-1.66280E-1	1.09251E+2	1.58703E+2	6.53707E+0	3.74965E+0
-1.61904E-1	1.13785E+2	1.30224E+2	6.90859E+0	3.78318E+0
-1.91440E-1	1.12420E+2	1.23919E+2	6.89972E+0	3.79979E+0
-1.54246E-1	1.07844E+2	1.53106E+2	6.42099E+0	3.81624E+0
-1.73937E-1	1.09558E+2	1.27763E+2	6.35307E+0	3.84965E+0
-1.88159E-1	1.12876E+2	1.91347E+2	6.79287E+0	3.88313E+0
-1.68468E-1	1.11410E+2	1.31786E+2	6.52094E+0	3.89973E+0
-1.80501E-1	1.09108E+2	1.30874E+2	6.77260E+0	3.93295E+0
-1.50964E-1	1.08956E+2	1.25000E+2	6.28724E+0	3.98294E+0
-1.59716E-1	1.08485E+2	1.43420E+2	6.91196E+0	3.99958E+0
-1.38931E-1	1.13456E+2	1.36671E+2	6.34066E+0	4.01648E+0
-1.93628E-1	1.14079E+2	1.27272E+2	6.59184E+0	4.04984E+0
-1.68468E-1	1.12198E+2	1.33641E+2	6.63551E+0	4.11641E+0
-1.33461E-1	1.12142E+2	1.30170E+2	6.60098E+0	4.13307E+0
-1.76125E-1	1.12958E+2	1.36185E+2	6.63848E+0	4.14978E+0
-1.82689E-1	1.13152E+2	1.26400E+2	6.64857E+0	4.18312E+0
-1.55340E-1	1.09266E+2	1.35340E+2	6.47407E+0	4.19960E+0
-1.54246E-1	1.09369E+2	1.31281E+2	6.25377E+0	4.21627E+0
-1.65186E-1	1.11705E+2	1.24264E+2	6.45610E+0	4.23304E+0
-1.53152E-1	1.15115E+2	1.26815E+2	6.31518E+0	4.29986E+0
-1.62998E-1	1.10801E+2	1.29427E+2	6.79267E+0	4.31633E+0
-1.32367E-1	1.07013E+2	1.38410E+2	6.15076E+0	4.33282E+0
-1.59716E-1	1.06985E+2	1.31085E+2	6.33397E+0	4.34948E+0
-1.59716E-1	1.10787E+2	1.32879E+2	6.53034E+0	4.38299E+0
-1.76125E-1	1.10281E+2	1.43140E+2	6.46930E+0	4.44963E+0
-1.73937E-1	1.10447E+2	1.81523E+2	6.50223E+0	4.48296E+0
-1.46589E-1	1.11083E+2	2.20545E+2	6.48745E+0	4.49966E+0
-1.44401E-1	1.10571E+2	1.32118E+2	6.62084E+0	4.51630E+0
-1.77219E-1	1.11926E+2	1.30964E+2	6.52480E+0	4.53303E+0
-1.84877E-1	1.14138E+2	1.28133E+2	6.61819E+0	4.54980E+0
-1.41119E-1	1.09493E+2	1.33983E+2	6.35142E+0	4.58291E+0
-1.43307E-1	1.10336E+2	1.31517E+2	6.31983E+0	4.59962E+0
-1.62998E-1	1.12180E+2	1.38044E+2	6.74540E+0	4.61637E+0
-1.59716E-1	1.08738E+2	1.57250E+2	6.51081E+0	4.63287E+0
-1.83783E-1	1.10439E+2	1.25211E+2	6.78842E+0	4.64962E+0
-1.58622E-1	1.09872E+2	1.34767E+2	6.44195E+0	4.66625E+0
-1.58622E-1	1.07563E+2	1.69167E+2	6.25541E+0	4.68281E+0
-1.73937E-1	1.13341E+2	1.28073E+2	6.75902E+0	4.71641E+0
-1.62998E-1	1.11405E+2	1.33253E+2	6.34438E+0	4.76632E+0
-1.77219E-1	1.11962E+2	1.23983E+2	6.65694E+0	4.81634E+0
-1.62998E-1	1.12736E+2	1.32175E+2	6.57400E+0	4.83304E+0
-1.45495E-1	1.12847E+2	1.29961E+2	6.48615E+0	4.84971E+0
-1.34555E-1	1.05241E+2	1.29195E+2	5.84614E+0	4.86602E+0
-1.72843E-1	1.08795E+2	1.31621E+2	6.44106E+0	4.88285E+0
-1.82689E-1	1.09307E+2	1.27881E+2	6.47025E+0	4.89954E+0
-1.73937E-1	1.13539E+2	1.31019E+2	6.66887E+0	4.91640E+0
-1.67374E-1	1.08299E+2	1.26513E+2	6.30507E+0	4.94949E+0
-1.50964E-1	1.09750E+2	1.25947E+2	6.18583E+0	4.96622E+0
-1.67374E-1	1.13953E+2	1.31701E+2	6.35591E+0	4.98308E+0
-1.80501E-1	1.12115E+2	1.23171E+2	6.76798E+0	4.99966E+0
-1.69562E-1	1.11821E+2	1.30283E+2	6.71623E+0	5.01631E+0
-1.61904E-1	1.08144E+2	1.35320E+2	6.23036E+0	5.03280E+0
-1.80501E-1	1.14309E+2	1.25987E+2	6.68632E+0	5.04976E+0
-1.64092E-1	1.14406E+2	1.48737E+2	6.59793E+0	5.09975E+0
-1.35649E-1	1.08557E+2	1.37035E+2	6.33161E+0	5.11615E+0
-1.62998E-1	1.09331E+2	1.35942E+2	6.22397E+0	5.14951E+0
-1.67374E-1	1.11405E+2	1.28978E+2	6.41583E+0	5.16627E+0
-1.80501E-1	1.09359E+2	1.24751E+2	6.57456E+0	5.19951E+0
-1.60810E-1	1.07874E+2	1.40089E+2	6.35913E+0	5.21610E+0
-1.81595E-1	1.14428E+2	1.26917E+2	6.67208E+0	5.23308E+0
-1.65186E-1	1.08427E+2	1.32459E+2	6.29226E+0	5.24946E+0
-1.75031E-1	1.10861E+2	1.26817E+2	6.68464E+0	5.26624E+0
-1.85971E-1	1.10086E+2	1.27871E+2	6.76677E+0	5.28287E+0
-1.50964E-1	1.08289E+2	1.34738E+2	6.13314E+0	5.29945E+0
-1.70655E-1	1.11395E+2	1.29587E+2	6.53360E+0	5.31626E+0
-1.68468E-1	1.15308E+2	1.36178E+2	6.51718E+0	5.33310E+0
-1.59716E-1	1.12169E+2	1.28334E+2	6.60994E+0	5.36629E+0
-1.93628E-1	1.14395E+2	1.20669E+2	6.62963E+0	5.39972E+0
-1.68468E-1	1.09773E+2	1.70653E+2	6.68883E+0	5.41617E+0
-1.59716E-1	1.10464E+2	1.26689E+2	6.45139E+0	5.43287E+0
-1.99098E-1	1.14612E+2	1.26161E+2	6.63969E+0	5.46639E+0
-1.68468E-1	1.14806E+2	1.24560E+2	6.77522E+0	5.48307E+0
-1.50964E-1	1.13077E+2	1.30028E+2	6.63141E+0	5.49965E+0
-1.62998E-1	1.12844E+2	1.30877E+2	6.55932E+0	5.51631E+0
-1.65186E-1	1.07314E+2	1.25330E+2	6.37030E+0	5.53272E+0
-1.69562E-1	1.09664E+2	1.30727E+2	6.39245E+0	5.58281E+0
-1.55340E-1	1.09817E+2	1.39215E+2	6.68735E+0	5.63282E+0
-1.78313E-1	1.12182E+2	1.28406E+2	6.56387E+0	5.64959E+0
-1.69562E-1	1.09001E+2	1.31219E+2	6.37979E+0	5.66611E+0
-1.75031E-1	1.13966E+2	1.29750E+2	6.84443E+0	5.69967E+0
-1.80501E-1	1.14456E+2	1.22385E+2	6.82571E+0	5.73302E+0
-1.73937E-1	1.09742E+2	1.26347E+2	6.68404E+0	5.74947E+0
-1.54246E-1	1.08525E+2	1.30531E+2	6.63540E+0	5.76608E+0
-1.32367E-1	1.08494E+2	1.37061E+2	6.21549E+0	5.83274E+0
-1.89253E-1	1.09544E+2	1.28963E+2	6.85025E+0	5.84945E+0
-1.62998E-1	1.08784E+2	1.29202E+2	6.21688E+0	5.86608E+0
-1.67374E-1	1.08093E+2	1.29981E+2	6.29820E+0	5.88272E+0
-1.75031E-1	1.09912E+2	1.30089E+2	6.41519E+0	5.91613E+0
-1.76125E-1	1.12414E+2	1.31366E+2	6.37499E+0	5.93291E+0
-1.80501E-1	1.10368E+2	1.29802E+2	6.69740E+0	5.94948E+0
-1.72843E-1	1.14419E+2	1.27874E+2	6.69610E+0	5.96633E+0
-1.65186E-1	1.07576E+2	1.24822E+2	6.39160E+0	5.99934E+0
-1.56434E-1	1.09065E+2	1.35443E+2	6.33322E+0	6.04941E+0
-1.69562E-1	1.15438E+2	1.26674E+2	6.71138E+0	6.06638E+0
-1.80501E-1	1.14677E+2	1.41510E+2	6.82852E+0	6.09967E+0
-1.54246E-1	1.09394E+2	1.35837E+2	6.23725E+0	6.13275E+0
-1.78313E-1	1.13114E+2	1.31755E+2	6.28129E+0	6.16625E+0
-1.45495E-1	1.09975E+2	1.32752E+2	6.26755E+0	6.18278E+0
-1.56434E-1	1.10014E+2	1.32983E+2	6.19690E+0	6.21611E+0
-1.70655E-1	1.09807E+2	1.44849E+2	6.73821E+0	6.23276E+0
-1.58622E-1	1.09005E+2	1.31753E+2	6.12321E+0	6.26605E+0
-1.56434E-1	1.11950E+2	1.28620E+2	6.39093E+0	6.29952E+0
-1.73937E-1	1.09806E+2	1.29551E+2	6.49447E+0	6.31609E+0
-1.69562E-1	1.14783E+2	1.30498E+2	6.66680E+0	6.33298E+0
-1.71749E-1	1.10912E+2	1.57481E+2	6.39652E+0	6.36613E+0
-1.58622E-1	1.12626E+2	1.27282E+2	6.46378E+0	6.38288E+0
-1.41119E-1	1.09349E+2	1.30710E+2	6.32766E+0	6.39939E+0
-1.35649E-1	1.11531E+2	1.44866E+2	6.46948E+0	6.43282E+0
-1.52058E-1	1.13314E+2	1.36293E+2	6.24538E+0	6.44957E+0
-1.58622E-1	1.12484E+2	1.40070E+2	6.49385E+0	6.49953E+0
-1.81595E-1	1.08134E+2	1.24791E+2	6.35354E+0	6.51599E+0
-1.69562E-1	1.10816E+2	1.61087E+2	6.29914E+0	6.53278E+0
-1.56434E-1	1.08687E+2	1.95840E+2	6.54845E+0	6.54934E+0
-1.75031E-1	1.12129E+2	1.22913E+2	7.05586E+0	6.56617E+0
-1.59716E-1	1.09309E+2	1.34802E+2	6.89462E+0	6.58270E+0
-1.80501E-1	1.10436E+2	1.27179E+2	6.43519E+0	6.61609E+0
-1.45495E-1	1.11390E+2	1.31793E+2	6.19448E+0	6.64946E+0
-1.65186E-1	1.10754E+2	1.27186E+2	6.50042E+0	6.66610E+0
-1.78313E-1	1.10671E+2	1.86184E+2	6.55512E+0	6.69942E+0
-1.67374E-1	1.07285E+2	1.32732E+2	6.39584E+0	6.71593E+0
-1.45495E-1	1.09539E+2	1.35412E+2	6.02320E+0	6.73270E+0
-1.81595E-1	1.12290E+2	1.73999E+2	6.69994E+0	6.76616E+0
-1.52058E-1	1.11366E+2	1.35030E+2	6.25508E+0	6.81611E+0
-1.77219E-1	1.08767E+2	1.27792E+2	6.48666E+0	6.83265E+0
-1.67374E-1	1.08919E+2	1.33268E+2	6.51371E+0	6.88266E+0
-1.54246E-1	1.11366E+2	1.33403E+2	6.54213E+0	6.89944E+0
-1.47683E-1	1.11083E+2	1.34120E+2	6.69366E+0	6.91609E+0
-1.58622E-1	1.15147E+2	1.31275E+2	6.54012E+0	6.93294E+0
-1.45495E-1	1.13641E+2	1.35090E+2	6.54527E+0	6.96620E+0
-1.56434E-1	1.07972E+2	1.77220E+2	6.49795E+0	6.99927E+0
-1.58622E-1	1.13342E+2	1.34797E+2	6.50622E+0	7.01618E+0
-1.60810E-1	1.09042E+2	1.28569E+2	6.24650E+0	7.04931E+0
-1.76125E-1	1.15014E+2	1.49056E+2	6.59993E+0	7.06625E+0
-1.69562E-1	1.11862E+2	1.24350E+2	6.53482E+0	7.09944E+0
-1.84877E-1	1.13277E+2	1.28670E+2	6.56746E+0	7.11617E+0
-1.80501E-1	1.11756E+2	1.26210E+2	6.50204E+0	7.13276E+0
-1.56434E-1	1.09254E+2	1.28960E+2	6.02651E+0	7.18264E+0
-1.58622E-1	1.10180E+2	1.33770E+2	6.43382E+0	7.19935E+0
-1.69562E-1	1.12631E+2	1.41458E+2	6.69544E+0	7.21613E+0
-1.47683E-1	1.10710E+2	1.34033E+2	6.33388E+0	7.28270E+0
-1.81595E-1	1.15534E+2	1.32041E+2	6.66627E+0	7.31625E+0
-1.68468E-1	1.09506E+2	1.29448E+2	6.50466E+0	7.33264E+0
-1.98004E-1	1.12147E+2	1.22210E+2	6.66420E+0	7.36609E+0
-1.59716E-1	1.08884E+2	1.33596E+2	6.39632E+0	7.38261E+0
-1.35649E-1	1.10856E+2	1.35951E+2	6.23219E+0	7.43269E+0
-1.60810E-1	1.12930E+2	1.29681E+2	6.83545E+0	7.44945E+0
-1.84877E-1	1.10096E+2	1.23025E+2	6.76955E+0	7.46599E+0
-1.78313E-1	1.11009E+2	1.70665E+2	6.71954E+0	7.48270E+0
-1.87065E-1	1.12253E+2	1.77224E+2	6.57674E+0	7.49942E+0
-1.61904E-1	1.13064E+2	1.30709E+2	6.59427E+0	7.51612E+0
-1.71749E-1	1.10603E+2	1.33855E+2	6.49749E+0	7.53268E+0
-1.46589E-1	1.08709E+2	1.28591E+2	6.25929E+0	7.54925E+0
-1.41119E-1	1.08626E+2	1.32317E+2	6.25435E+0	7.56591E+0
-1.82689E-1	1.10590E+2	1.24150E+2	6.48969E+0	7.58267E+0
-1.56434E-1	1.07437E+2	1.31775E+2	6.41084E+0	7.59919E+0
-1.56434E-1	1.10451E+2	2.05591E+2	6.61169E+0	7.61599E+0
-1.61904E-1	1.09746E+2	1.30806E+2	6.56539E+0	7.63263E+0
-1.78313E-1	1.09760E+2	1.28748E+2	6.62211E+0	7.66596E+0
-1.59716E-1	1.09069E+2	1.26673E+2	6.62302E+0	7.68259E+0
-1.37837E-1	1.07313E+2	1.32882E+2	6.15157E+0	7.69918E+0
-1.67374E-1	1.10129E+2	1.26300E+2	6.55560E+0	7.71597E+0
-1.46589E-1	1.08429E+2	2.03661E+2	6.27368E+0	7.73256E+0
-1.81595E-1	1.10115E+2	1.29760E+2	6.54350E+0	7.74930E+0
-1.36743E-1	1.11553E+2	1.36440E+2	6.27412E+0	7.76603E+0
-1.58622E-1	1.10032E+2	1.28137E+2	6.60761E+0	7.78263E+0
-1.81595E-1	1.11567E+2	1.26887E+2	6.51532E+0	7.79936E+0
-1.54246E-1	1.10463E+2	1.39966E+2	6.38455E+0	7.83264E+0
-1.65186E-1	1.11168E+2	1.26040E+2	6.46952E+0	7.84934E+0
-1.70655E-1	1.09661E+2	1.30503E+2	6.36446E+0	7.86594E+0
-1.80501E-1	1.13284E+2	1.23869E+2	6.65252E+0	7.88277E+0
-1.67374E-1	1.08264E+2	1.62072E+2	6.29159E+0	7.91587E+0
-1.77219E-1	1.09439E+2	1.30170E+2	6.38421E+0	7.94925E+0
-1.70655E-1	1.15217E+2	1.33257E+2	6.68847E+0	7.96619E+0
-1.73937E-1	1.11466E+2	1.29190E+2	6.56099E+0	8.03268E+0
-1.56434E-1	1.11880E+2	1.38619E+2	6.50233E+0	8.06603E+0
-1.69562E-1	1.10249E+2	1.31458E+2	6.39521E+0	8.09928E+0
-1.78313E-1	1.08648E+2	1.30022E+2	6.36502E+0	8.11587E+0
-1.76125E-1	1.11096E+2	1.32446E+2	6.68395E+0	8.13265E+0
-1.75031E-1	1.10114E+2	1.38916E+2	6.51922E+0	8.16594E+0
-1.48777E-1	1.09851E+2	1.38006E+2	6.71038E+0	8.18259E+0
-1.49871E-1	1.08463E+2	1.41069E+2	6.38779E+0	8.21586E+0
-1.60810E-1	1.08131E+2	1.37509E+2	6.57364E+0	8.26584E+0
-1.54246E-1	1.10274E+2	1.32478E+2	6.38978E+0	8.28260E+0
-1.65186E-1	1.10383E+2	1.32511E+2	6.24869E+0	8.31593E+0
-1.54246E-1	1.08806E+2	1.26698E+2	6.16844E+0	8.34919E+0
-1.47683E-1	1.10743E+2	1.33527E+2	6.38890E+0	8.39927E+0
-1.76125E-1	1.11074E+2	1.49709E+2	6.73599E+0	8.44929E+0
-1.68468E-1	1.11351E+2	1.67010E+2	6.46408E+0	8.46596E+0
-1.65186E-1	1.07895E+2	1.37946E+2	6.51901E+0	8.49914E+0
-1.90346E-1	1.12291E+2	1.22669E+2	6.72309E+0	8.53267E+0
-1.79407E-1	1.12208E+2	1.26135E+2	6.48557E+0	8.54933E+0
-1.34555E-1	1.09623E+2	1.30128E+2	6.50071E+0	8.56588E+0
-1.70655E-1	1.14102E+2	1.32552E+2	6.53443E+0	8.58275E+0
-1.72843E-1	1.11088E+2	1.26557E+2	6.65587E+0	8.59927E+0
-1.52058E-1	1.13801E+2	1.38976E+2	6.38419E+0	8.61606E+0
-1.64092E-1	1.11147E+2	1.31129E+2	6.48879E+0	8.64927E+0
-1.73937E-1	1.10898E+2	1.32219E+2	6.83579E+0	8.66593E+0
-1.55340E-1	1.13580E+2	1.31110E+2	6.51705E+0	8.68272E+0
-1.60810E-1	1.09643E+2	1.36006E+2	6.52416E+0	8.73253E+0
-1.56434E-1	1.14510E+2	1.36323E+2	6.60214E+0	8.74942E+0
-2.01286E-1	1.12768E+2	1.25112E+2	6.93978E+0	8.76600E+0
-1.38931E-1	1.08702E+2	1.38056E+2	6.24992E+0	8.78248E+0
-1.77219E-1	1.17087E+2	1.30848E+2	6.73639E+0	8.81620E+0
-1.60810E-1	1.07894E+2	1.31144E+2	6.14986E+0	8.83244E+0
-1.95816E-1	1.13686E+2	1.24453E+2	7.11318E+0	8.84937E+0
-1.59716E-1	1.10396E+2	1.29480E+2	6.44906E+0	8.86588E+0
-1.50964E-1	1.10520E+2	1.79752E+2	6.68391E+0	8.88255E+0
-1.76125E-1	1.11212E+2	1.57292E+2	6.56696E+0	8.89925E+0
-1.47683E-1	1.08868E+2	1.27702E+2	6.61319E+0	8.96581E+0
-1.91440E-1	1.14897E+2	1.21716E+2	6.67987E+0	8.98275E+0
-1.73937E-1	1.07748E+2	1.28044E+2	6.57403E+0	8.99908E+0
-1.62998E-1	1.09755E+2	1.33532E+2	6.43810E+0	9.03250E+0
-1.49871E-1	1.08413E+2	1.33036E+2	6.31816E+0	9.04911E+0
-1.53152E-1	1.10847E+2	1.65404E+2	7.11468E+0	9.06588E+0
-1.64092E-1	1.10460E+2	1.38548E+2	6.73595E+0	9.08253E+0
-1.48777E-1	1.10833E+2	1.29028E+2	6.40974E+0	9.09921E+0
-1.72843E-1	1.07743E+2	1.31101E+2	6.35384E+0	9.14906E+0
-1.52058E-1	1.08351E+2	1.29880E+2	6.49715E+0	9.16576E+0
-1.68468E-1	1.11162E+2	1.26348E+2	6.60886E+0	9.21588E+0
-1.65186E-1	1.09779E+2	1.35985E+2	6.44970E+0	9.24915E+0
-1.77219E-1	1.10166E+2	1.93609E+2	6.39534E+0	9.26583E+0
-1.42213E-1	1.08770E+2	1.47605E+2	6.30120E+0	9.29910E+0
-1.64092E-1	1.08939E+2	1.29134E+2	6.70748E+0	9.31577E+0
-1.77219E-1	1.13156E+2	1.26064E+2	6.44238E+0	9.36596E+0
-1.68468E-1	1.11732E+2	1.23230E+2	6.65196E+0	9.38256E+0
-1.49871E-1	1.10419E+2	1.32957E+2	6.64480E+0	9.43249E+0
-1.60810E-1	1.12438E+2	1.29820E+2	6.55388E+0	9.44925E+0
-1.50964E-1	1.12217E+2	1.32855E+2	6.54596E+0	9.48257E+0
-1.56434E-1	1.09548E+2	1.33262E+2	6.57870E+0	9.49911E+0
-1.60810E-1	1.10639E+2	1.34516E+2	6.39884E+0	9.51582E+0
-1.91440E-1	1.14608E+2	1.25714E+2	6.65996E+0	9.53267E+0
-1.81595E-1	1.11110E+2	1.26786E+2	6.51474E+0	9.54918E+0
-1.65186E-1	1.07418E+2	1.26447E+2	6.44916E+0	9.59900E+0
-1.69562E-1	1.09283E+2	1.29518E+2	6.24759E+0	9.61575E+0
-1.72843E-1	1.13017E+2	1.31147E+2	6.43770E+0	9.63259E+0
-1.84877E-1	1.11745E+2	1.28894E+2	6.58468E+0	9.64919E+0
-1.83783E-1	1.11039E+2	1.30702E+2	6.52320E+0	9.66583E+0
-1.66280E-1	1.14704E+2	1.38432E+2	6.52772E+0	9.68266E+0
-1.57528E-1	1.11406E+2	1.27488E+2	6.59734E+0	9.76583E+0
-1.53152E-1	1.14309E+2	1.29066E+2	6.54322E+0	9.79930E+0
-1.75031E-1	1.09279E+2	1.38203E+2	6.66144E+0	9.81573E+0
-1.41119E-1	1.06956E+2	1.91212E+2	6.22563E+0	9.83228E+0
-1.69562E-1	1.09210E+2	1.67557E+2	6.61394E+0	9.84905E+0
-1.77219E-1	1.13635E+2	1.24957E+2	6.51254E+0	9.86593E+0
-1.60810E-1	1.10786E+2	1.80030E+2	6.41439E+0	9.88246E+0
-1.70655E-1	1.08781E+2	1.27093E+2	6.54773E+0	9.89903E+0
-1.84877E-1	1.12369E+2	1.75658E+2	6.76098E+0	9.91586E+0
-1.69562E-1	1.10212E+2	1.34971E+2	6.54329E+0	9.94909E+0
-1.77219E-1	1.13558E+2	1.26568E+2	6.68707E+0	9.96591E+0
-1.62998E-1	1.13072E+2	1.38138E+2	6.72761E+0	1.00159E+1
-1.66280E-1	1.10071E+2	1.33230E+2	6.34735E+0	1.00324E+1
-1.67374E-1	1.11869E+2	1.24586E+2	6.33514E+0	1.00992E+1
-1.54246E-1	1.09642E+2	1.26505E+2	6.45381E+0	1.01657E+1
-1.53152E-1	1.14259E+2	1.63023E+2	6.62147E+0	1.01826E+1
-1.76125E-1	1.08748E+2	1.27569E+2	6.63985E+0	1.02323E+1
-1.80501E-1	1.14554E+2	1.23752E+2	6.65302E+0	1.02493E+1
-1.77219E-1	1.09287E+2	1.36749E+2	6.53857E+0	1.02824E+1
-1.75031E-1	1.11637E+2	1.28146E+2	6.57428E+0	1.02991E+1
-1.66280E-1	1.13221E+2	2.11375E+2	6.89556E+0	1.03325E+1
-1.66280E-1	1.12004E+2	1.41655E+2	6.41871E+0	1.03658E+1
-1.45495E-1	1.07704E+2	1.31956E+2	6.46797E+0	1.03823E+1
-1.71749E-1	1.08091E+2	1.30405E+2	6.46555E+0	1.03989E+1
-1.89253E-1	1.13214E+2	1.24950E+2	6.74237E+0	1.04325E+1
-1.75031E-1	1.14596E+2	1.22171E+2	6.62250E+0	1.04992E+1
-1.52058E-1	1.10263E+2	1.34247E+2	6.72227E+0	1.05157E+1
-1.50964E-1	1.09060E+2	1.41369E+2	6.54443E+0	1.05490E+1
-1.45495E-1	1.10208E+2	1.31266E+2	6.25174E+0	1.05824E+1
-1.70655E-1	1.08908E+2	1.64052E+2	6.71886E+0	1.05990E+1
-1.69562E-1	1.12282E+2	1.30371E+2	6.57316E+0	1.06158E+1
-1.58622E-1	1.08910E+2	1.31491E+2	6.62081E+0	1.06323E+1
-1.67374E-1	1.11135E+2	1.80393E+2	6.52501E+0	1.06657E+1
-1.67374E-1	1.11854E+2	1.47839E+2	6.47137E+0	1.06824E+1
-1.71749E-1	1.11975E+2	1.33333E+2	6.78943E+0	1.07491E+1
-1.65186E-1	1.10288E+2	1.37289E+2	6.43998E+0	1.07990E+1
-1.68468E-1	1.09792E+2	1.32541E+2	6.60330E+0	1.08990E+1
-1.80501E-1	1.14424E+2	1.26053E+2	6.72529E+0	1.09325E+1
-1.84877E-1	1.12668E+2	1.26279E+2	6.87407E+0	1.09491E+1
-1.60810E-1	1.09019E+2	1.41014E+2	6.47832E+0	1.09656E+1
-1.67374E-1	1.07968E+2	1.31966E+2	6.44609E+0	1.09822E+1
-1.78313E-1	1.08411E+2	1.26202E+2	6.33729E+0	1.09989E+1
-1.73937E-1	1.10880E+2	1.45306E+2	6.83318E+0	1.10157E+1
-1.85971E-1	1.12580E+2	1.30504E+2	6.56606E+0	1.10324E+1
-1.69562E-1	1.10894E+2	1.30062E+2	6.44993E+0	1.10490E+1
-1.76125E-1	1.10603E+2	1.36677E+2	6.79661E+0	1.10990E+1
-1.75031E-1	1.10331E+2	1.31235E+2	6.79643E+0	1.11323E+1
-1.66280E-1	1.13691E+2	1.27140E+2	7.18366E+0	1.11491E+1
-1.65186E-1	1.08354E+2	1.31294E+2	6.53157E+0	1.11822E+1
-1.62998E-1	1.11064E+2	1.32089E+2	6.31676E+0	1.11990E+1
-1.55340E-1	1.12722E+2	1.28435E+2	6.29113E+0	1.12158E+1
-1.43307E-1	1.08242E+2	1.45257E+2	6.12191E+0	1.12322E+1
-1.84877E-1	1.13649E+2	1.21558E+2	6.63105E+0	1.12658E+1
-1.78313E-1	1.13372E+2	1.24335E+2	6.77574E+0	1.12824E+1
-1.82689E-1	1.13903E+2	1.26654E+2	6.58909E+0	1.13158E+1
-1.62998E-1	1.12672E+2	1.33536E+2	6.83572E+0	1.13324E+1
-1.68468E-1	1.13239E+2	1.25919E+2	6.65119E+0	1.13491E+1
-1.73937E-1	1.09685E+2	1.26382E+2	6.65157E+0	1.13656E+1
-1.42213E-1	1.08884E+2	2.07925E+2	6.36855E+0	1.13989E+1
-1.53152E-1	1.09494E+2	1.33239E+2	6.49071E+0	1.14156E+1
-1.77219E-1	1.14139E+2	1.26293E+2	6.64888E+0	1.14491E+1
-1.60810E-1	1.06854E+2	1.34233E+2	6.51255E+0	1.14655E+1
-1.70655E-1	1.13448E+2	1.32642E+2	6.67668E+0	1.14824E+1
-1.56434E-1	1.10103E+2	1.35039E+2	6.32848E+0	1.14990E+1
-1.50964E-1	1.13162E+2	1.33527E+2	6.29440E+0	1.15158E+1
-1.83783E-1	1.10494E+2	1.34149E+2	6.38357E+0	1.15656E+1
-1.68468E-1	1.07342E+2	1.32941E+2	6.44790E+0	1.15821E+1
-1.76125E-1	1.11102E+2	1.32576E+2	6.62184E+0	1.15990E+1
-1.68468E-1	1.09157E+2	1.78903E+2	6.88639E+0	1.16322E+1
-1.73937E-1	1.15254E+2	1.28163E+2	6.85102E+0	1.16492E+1
-1.67374E-1	1.11922E+2	1.28696E+2	6.64432E+0	1.16823E+1
-1.76125E-1	1.08943E+2	1.30083E+2	6.19878E+0	1.17322E+1
-1.54246E-1	1.12275E+2	1.32020E+2	6.51897E+0	1.17490E+1
-1.75031E-1	1.13824E+2	1.24057E+2	6.73811E+0	1.17658E+1
-1.72843E-1	1.13492E+2	1.34876E+2	6.82261E+0	1.17824E+1
-1.77219E-1	1.11773E+2	1.22127E+2	6.67009E+0	1.18157E+1
-1.58622E-1	1.08980E+2	1.31199E+2	6.44224E+0	1.18655E+1
-1.76125E-1	1.10847E+2	1.24551E+2	6.70849E+0	1.18989E+1
-1.79407E-1	1.12696E+2	1.52598E+2	6.98319E+0	1.19990E+1
-1.59716E-1	1.09442E+2	1.35605E+2	6.55297E+0	1.20322E+1
-1.67374E-1	1.11668E+2	1.28877E+2	6.54027E+0	1.20490E+1
-1.61904E-1	1.08585E+2	1.34700E+2	6.38623E+0	1.20655E+1
-1.67374E-1	1.10562E+2	1.53569E+2	6.69221E+0	1.20989E+1
-1.69562E-1	1.10705E+2	1.32334E+2	6.57190E+0	1.21323E+1
-1.56434E-1	1.09434E+2	1.67775E+2	6.35592E+0	1.21655E+1
-1.80501E-1	1.12503E+2	1.27472E+2	6.42065E+0	1.21823E+1
-1.68468E-1	1.08977E+2	1.28062E+2	6.47443E+0	1.21988E+1
-1.69562E-1	1.09850E+2	1.34122E+2	6.44611E+0	1.22155E+1
-1.64092E-1	1.12353E+2	1.27062E+2	6.57185E+0	1.22323E+1
-1.71749E-1	1.09034E+2	1.31433E+2	6.96938E+0	1.22488E+1
-1.78313E-1	1.15699E+2	1.29638E+2	6.38507E+0	1.22658E+1
-1.58622E-1	1.08924E+2	1.34734E+2	6.46497E+0	1.22822E+1
-1.88159E-1	1.14797E+2	1.27462E+2	6.62475E+0	1.23491E+1
-1.68468E-1	1.10277E+2	1.27549E+2	6.77538E+0	1.23656E+1
-1.55340E-1	1.07484E+2	1.27038E+2	6.35432E+0	1.23988E+1
-1.61904E-1	1.11281E+2	1.91669E+2	6.68561E+0	1.24156E+1
-1.55340E-1	1.09691E+2	1.30640E+2	6.35431E+0	1.24322E+1
-1.71749E-1	1.12622E+2	1.26935E+2	6.65562E+0	1.24490E+1
-1.87065E-1	1.15276E+2	1.25668E+2	6.68933E+0	1.24991E+1
-1.62998E-1	1.10192E+2	1.27423E+2	6.51829E+0	1.25489E+1
-1.62998E-1	1.14160E+2	1.30312E+2	6.49356E+0	1.25657E+1
-1.75031E-1	1.14395E+2	1.52151E+2	6.71943E+0	1.25990E+1
-1.78313E-1	1.16277E+2	1.33063E+2	6.60701E+0	1.26491E+1
-1.96910E-1	1.10928E+2	1.37530E+2	6.72266E+0	1.26822E+1
-1.60810E-1	1.09905E+2	1.31600E+2	6.39714E+0	1.26988E+1
-1.60810E-1	1.08755E+2	1.25669E+2	6.43475E+0	1.27488E+1
-1.60810E-1	1.08700E+2	1.28139E+2	6.21154E+0	1.27821E+1
-1.98004E-1	1.11963E+2	1.23512E+2	6.78781E+0	1.27989E+1
