-1.62998E-1	1.00864E+2	1.32643E+2	5.20919E+0	0.00000E+0
-1.73937E-1	1.10598E+2	1.29666E+2	5.62032E+0	4.50650E-4
-1.94722E-1	1.18963E+2	1.27395E+2	5.98793E+0	8.37950E-4
-1.67374E-1	1.24950E+2	1.26220E+2	6.21065E+0	1.11505E-3
-1.73937E-1	1.02205E+2	1.27659E+2	5.77474E+0	1.67301E-2
-1.46589E-1	1.11151E+2	1.32857E+2	5.33036E+0	1.71445E-2
-1.98004E-1	1.18133E+2	1.23895E+2	5.30860E+0	1.74676E-2
-1.69562E-1	1.03104E+2	1.30443E+2	5.21889E+0	3.34345E-2
-1.72843E-1	1.18147E+2	1.32118E+2	5.67085E+0	3.41308E-2
-1.47683E-1	1.26333E+2	1.34370E+2	5.81810E+0	3.45100E-2
-1.66280E-1	1.07805E+2	1.29687E+2	5.31848E+0	5.03173E-2
-1.70655E-1	1.17470E+2	1.26798E+2	6.01097E+0	5.07647E-2
-1.61904E-1	1.26443E+2	1.30816E+2	5.82306E+0	5.11799E-2
-1.69562E-1	1.05745E+2	1.52066E+2	5.32320E+0	6.68902E-2
-1.88159E-1	1.12409E+2	1.28134E+2	5.73154E+0	6.71988E-2
-2.17695E-1	1.27522E+2	1.29704E+2	5.50818E+0	6.78983E-2
-1.62998E-1	1.00477E+2	1.30160E+2	5.36070E+0	8.33103E-2
-1.80501E-1	1.11607E+2	1.29497E+2	5.73927E+0	8.38258E-2
-1.73937E-1	1.05731E+2	1.29877E+2	5.18266E+0	1.00217E-1
-1.82689E-1	1.20180E+2	1.39221E+2	5.72529E+0	1.00886E-1
-1.58622E-1	1.30453E+2	1.55343E+2	6.22572E+0	1.01362E-1
-1.45495E-1	1.03076E+2	1.35158E+2	5.08923E+0	1.16763E-1
-1.83783E-1	1.13792E+2	1.25077E+2	5.80476E+0	1.17259E-1
-1.60810E-1	1.18700E+2	1.85923E+2	5.93274E+0	1.17486E-1
-1.67374E-1	1.06782E+2	1.40038E+2	5.45861E+0	1.33599E-1
-1.78313E-1	1.30660E+2	1.28028E+2	5.15988E+0	1.34704E-1
-1.49871E-1	1.02662E+2	1.35643E+2	5.31152E+0	1.50076E-1
-1.72843E-1	1.12630E+2	1.25047E+2	5.70641E+0	1.50537E-1
-2.12225E-1	1.18189E+2	1.25746E+2	5.25730E+0	1.50795E-1
-1.57528E-1	1.30964E+2	1.29637E+2	6.16459E+0	1.51386E-1
-1.56434E-1	9.76702E+1	1.33242E+2	3.73237E+0	1.66513E-1
-1.41119E-1	1.08773E+2	1.32822E+2	5.69347E+0	1.67027E-1
-1.71749E-1	1.01860E+2	1.33153E+2	5.16555E+0	1.83374E-1
-1.93628E-1	1.10321E+2	1.28047E+2	5.75923E+0	1.83765E-1
-1.84877E-1	1.16585E+2	1.25138E+2	6.07492E+0	1.84055E-1
-1.58622E-1	1.23871E+2	1.33633E+2	5.73223E+0	1.84393E-1
-1.62998E-1	1.30245E+2	1.40191E+2	6.57649E+0	1.84687E-1
-1.69562E-1	1.03173E+2	1.36440E+2	5.07933E+0	2.00099E-1
-1.76125E-1	1.12987E+2	1.33767E+2	5.56927E+0	2.00553E-1
-1.55340E-1	1.07223E+2	1.36173E+2	5.44123E+0	2.16952E-1
-1.83783E-1	1.17023E+2	1.29739E+2	5.63940E+0	2.17405E-1
-1.49871E-1	1.30031E+2	1.28902E+2	5.89976E+0	2.18007E-1
-1.53152E-1	1.05371E+2	1.37629E+2	5.43593E+0	2.33533E-1
-1.90346E-1	1.15849E+2	1.75163E+2	5.86814E+0	2.34018E-1
-1.65186E-1	1.34191E+2	1.46606E+2	6.56247E+0	2.34867E-1
-1.72843E-1	1.01293E+2	1.34884E+2	5.08617E+0	2.50008E-1
-1.66280E-1	1.12780E+2	1.69554E+2	5.70324E+0	2.50540E-1
-1.57528E-1	1.23023E+2	1.29619E+2	5.62841E+0	2.51014E-1
-1.67374E-1	1.33445E+2	1.32156E+2	6.57980E+0	2.51496E-1
-1.59716E-1	1.01943E+2	1.30294E+2	5.16792E+0	2.66700E-1
-1.67374E-1	1.13485E+2	1.58972E+2	5.64093E+0	2.67235E-1
-1.60810E-1	1.06878E+2	1.36213E+2	5.24572E+0	2.83596E-1
-1.59716E-1	1.15392E+2	1.32158E+2	5.66125E+0	2.83990E-1
-1.89253E-1	1.26575E+2	1.24211E+2	5.04260E+0	2.84508E-1
-1.80501E-1	1.07794E+2	1.30244E+2	5.46250E+0	3.00306E-1
-1.72843E-1	1.19972E+2	1.28913E+2	5.46818E+0	3.00870E-1
-1.56434E-1	1.27147E+2	1.29881E+2	5.96825E+0	3.01203E-1
-1.67374E-1	1.01587E+2	1.32133E+2	5.24271E+0	3.16684E-1
-1.55340E-1	1.10227E+2	1.29143E+2	5.39455E+0	3.17084E-1
-1.87065E-1	1.20276E+2	1.27935E+2	5.91213E+0	3.17549E-1
-1.55340E-1	1.29358E+2	1.43046E+2	5.91606E+0	3.17970E-1
-1.69562E-1	1.01587E+2	1.26784E+2	5.24058E+0	3.33349E-1
-1.66280E-1	1.14402E+2	1.82666E+2	5.59032E+0	3.33942E-1
-2.22071E-1	1.27935E+2	1.25348E+2	5.64830E+0	3.34569E-1
-1.72843E-1	1.01421E+2	1.32505E+2	5.26906E+0	3.50008E-1
-1.81595E-1	1.09536E+2	1.29259E+2	5.53780E+0	3.50383E-1
-2.05662E-1	1.16738E+2	1.22865E+2	5.91477E+0	3.50716E-1
-1.47683E-1	1.21327E+2	1.31287E+2	6.06099E+0	3.50929E-1
-1.58622E-1	1.31349E+2	1.26170E+2	6.30559E+0	3.51393E-1
-1.49871E-1	1.05223E+2	1.63199E+2	5.49661E+0	3.66850E-1
-1.93628E-1	1.26124E+2	1.62963E+2	6.18873E+0	3.67818E-1
-1.78313E-1	1.00191E+2	1.30363E+2	5.18872E+0	3.83279E-1
-1.80501E-1	1.10338E+2	1.22157E+2	5.63730E+0	3.83749E-1
-1.90346E-1	1.28626E+2	1.18956E+2	5.19001E+0	3.84595E-1
-1.48777E-1	1.04858E+2	1.38180E+2	5.45047E+0	4.00161E-1
-1.72843E-1	1.16626E+2	1.26268E+2	5.67982E+0	4.00706E-1
-2.22071E-1	1.26997E+2	1.18891E+2	5.72071E+0	4.01186E-1
-1.70655E-1	1.08689E+2	1.30813E+2	5.43555E+0	4.17005E-1
-1.72843E-1	1.04596E+2	1.29384E+2	5.29489E+0	4.33479E-1
-1.77219E-1	1.17580E+2	1.28677E+2	5.79462E+0	4.34079E-1
-1.69562E-1	1.30772E+2	1.25191E+2	6.14784E+0	4.34690E-1
-1.66280E-1	1.04526E+2	1.33182E+2	5.20487E+0	4.50143E-1
-1.92534E-1	1.13044E+2	1.29060E+2	5.79262E+0	4.50537E-1
-1.56434E-1	1.32791E+2	1.34631E+2	6.02494E+0	4.51451E-1
-1.71749E-1	1.07071E+2	1.31050E+2	5.50488E+0	4.66926E-1
-1.95816E-1	1.16059E+2	1.27487E+2	6.11201E+0	4.67342E-1
-1.52058E-1	1.24231E+2	1.41265E+2	5.50044E+0	4.67720E-1
-1.52058E-1	1.06794E+2	1.33444E+2	5.40163E+0	4.83578E-1
-1.66280E-1	1.18590E+2	1.28365E+2	5.75557E+0	4.84125E-1
-1.45495E-1	1.27329E+2	1.34227E+2	5.56885E+0	4.84529E-1
-1.54246E-1	1.04757E+2	1.32546E+2	5.44157E+0	5.00148E-1
-1.76125E-1	1.13245E+2	1.24771E+2	5.52279E+0	5.00541E-1
-1.52058E-1	1.18097E+2	1.51310E+2	5.91014E+0	5.00765E-1
-1.62998E-1	1.00458E+2	1.36518E+2	5.17521E+0	5.16616E-1
-1.68468E-1	1.13521E+2	1.31688E+2	5.52620E+0	5.17220E-1
-1.53152E-1	1.31064E+2	1.31844E+2	5.86277E+0	5.18032E-1
-1.50964E-1	1.01536E+2	1.34534E+2	5.17372E+0	5.33332E-1
-1.58622E-1	1.12484E+2	1.29618E+2	5.58694E+0	5.33840E-1
-1.82689E-1	1.23184E+2	1.26723E+2	6.25416E+0	5.34335E-1
-1.73937E-1	1.28105E+2	1.26021E+2	6.82695E+0	5.34563E-1
-1.76125E-1	1.07480E+2	1.24584E+2	5.40621E+0	5.50270E-1
-1.83783E-1	1.25506E+2	1.24080E+2	6.01131E+0	5.51105E-1
-1.49871E-1	9.98495E+1	1.35084E+2	5.45630E+0	5.66583E-1
-1.60810E-1	1.08227E+2	1.32859E+2	5.35521E+0	5.66970E-1
-1.89253E-1	1.16286E+2	1.35986E+2	6.11514E+0	5.67343E-1
-1.62998E-1	1.30649E+2	1.28138E+2	5.91386E+0	5.68008E-1
-1.65186E-1	1.05213E+2	1.87238E+2	5.36602E+0	5.83496E-1
-2.04568E-1	1.17350E+2	1.25194E+2	5.91809E+0	5.84058E-1
-1.53152E-1	1.02770E+2	1.42790E+2	5.25150E+0	6.00050E-1
-1.84877E-1	1.13816E+2	1.24811E+2	5.75289E+0	6.00561E-1
-1.81595E-1	1.22511E+2	1.21636E+2	5.05943E+0	6.00964E-1
-1.70655E-1	9.99639E+1	1.27473E+2	5.24136E+0	6.16584E-1
-1.67374E-1	1.10014E+2	1.36803E+2	5.51431E+0	6.17050E-1
-1.88159E-1	1.21046E+2	1.55114E+2	6.05292E+0	6.17561E-1
-1.62998E-1	1.25318E+2	1.28618E+2	6.59588E+0	6.17758E-1
-1.72843E-1	1.05521E+2	1.29442E+2	5.41678E+0	6.33505E-1
-1.82689E-1	1.17300E+2	1.25788E+2	5.82393E+0	6.34050E-1
-1.42213E-1	1.23410E+2	1.28710E+2	5.72193E+0	6.34333E-1
-1.72843E-1	1.05577E+2	1.27266E+2	5.11620E+0	6.50174E-1
-1.91440E-1	1.20728E+2	1.21204E+2	5.94588E+0	6.50876E-1
-1.60810E-1	1.30972E+2	1.29125E+2	6.14953E+0	6.51350E-1
-1.58622E-1	1.01402E+2	1.28831E+2	5.36599E+0	6.66645E-1
-1.87065E-1	1.09710E+2	1.24328E+2	5.66571E+0	6.67030E-1
-1.99098E-1	1.22373E+2	1.25019E+2	5.95962E+0	6.67616E-1
-1.57528E-1	1.29742E+2	1.64570E+2	6.16556E+0	6.67957E-1
-1.73937E-1	1.04761E+2	1.31062E+2	5.58244E+0	6.83468E-1
-1.70655E-1	1.13028E+2	1.30179E+2	5.72847E+0	6.83851E-1
-1.67374E-1	1.28470E+2	1.29754E+2	4.77794E+0	6.84566E-1
-1.71749E-1	1.04789E+2	1.29525E+2	5.36487E+0	7.00136E-1
-1.76125E-1	1.11645E+2	1.58868E+2	5.49674E+0	7.00453E-1
-2.23165E-1	1.30488E+2	1.24768E+2	5.80984E+0	7.01325E-1
-1.75031E-1	9.92312E+1	1.29687E+2	5.09796E+0	7.16542E-1
-1.58622E-1	1.07332E+2	1.53538E+2	5.65348E+0	7.16917E-1
-1.43307E-1	1.31746E+2	1.27374E+2	5.96971E+0	7.18047E-1
-1.70655E-1	1.09876E+2	1.28253E+2	5.54358E+0	7.33702E-1
-1.72843E-1	1.18972E+2	1.74496E+2	5.92938E+0	7.34124E-1
-1.80501E-1	1.28497E+2	1.34412E+2	5.21831E+0	7.34564E-1
-1.50964E-1	1.05673E+2	1.30796E+2	5.22752E+0	7.50172E-1
-1.89253E-1	1.16525E+2	1.27681E+2	5.78649E+0	7.50674E-1
-1.93628E-1	1.24350E+2	1.23743E+2	5.18449E+0	7.51036E-1
-1.77219E-1	1.08369E+2	1.28761E+2	5.42260E+0	7.66961E-1
-1.75031E-1	1.18461E+2	1.44191E+2	6.09099E+0	7.67428E-1
-1.46589E-1	1.25304E+2	1.32886E+2	5.81485E+0	7.67745E-1
-1.76125E-1	1.02051E+2	1.31298E+2	5.46399E+0	7.83333E-1
-1.69562E-1	1.13968E+2	1.27541E+2	5.61994E+0	7.83885E-1
-2.10037E-1	1.19926E+2	1.25550E+2	5.48881E+0	7.84160E-1
-1.50964E-1	1.03789E+2	1.35604E+2	5.38194E+0	8.00080E-1
-1.65186E-1	1.13867E+2	1.26255E+2	5.59801E+0	8.00546E-1
-1.59716E-1	1.19037E+2	1.32701E+2	5.76996E+0	8.00786E-1
-1.65186E-1	1.27649E+2	1.39548E+2	6.16042E+0	8.01185E-1
-1.67374E-1	1.07605E+2	1.28699E+2	5.24743E+0	8.16923E-1
-2.04568E-1	1.20862E+2	1.25355E+2	6.07905E+0	8.17537E-1
-1.57528E-1	1.03181E+2	1.35642E+2	5.16992E+0	8.33383E-1
-1.71749E-1	1.12415E+2	1.27237E+2	5.71781E+0	8.33811E-1
-1.80501E-1	1.21954E+2	1.26919E+2	6.05895E+0	8.34252E-1
-1.67374E-1	1.29972E+2	1.30581E+2	5.97172E+0	8.34623E-1
-1.46589E-1	1.01688E+2	1.39603E+2	5.37165E+0	8.49980E-1
-1.81595E-1	1.13300E+2	1.28578E+2	5.54959E+0	8.50518E-1
-1.80501E-1	1.22714E+2	1.27194E+2	5.83294E+0	8.50953E-1
-1.54246E-1	1.30372E+2	1.30967E+2	6.28914E+0	8.51308E-1
-1.62998E-1	1.04135E+2	1.26310E+2	5.31268E+0	8.66758E-1
-1.72843E-1	1.22410E+2	1.23697E+2	6.05426E+0	8.67605E-1
-1.65186E-1	1.00803E+2	1.28542E+2	5.20142E+0	8.83267E-1
-1.50964E-1	1.12512E+2	1.27263E+2	5.43381E+0	8.83809E-1
-1.56434E-1	1.30704E+2	1.43756E+2	6.08231E+0	8.84652E-1
-1.54246E-1	1.04821E+2	1.30167E+2	5.49811E+0	9.00118E-1
-1.67374E-1	1.16561E+2	1.30380E+2	5.77871E+0	9.00662E-1
-1.59716E-1	1.32326E+2	1.33772E+2	6.21196E+0	9.01392E-1
-1.80501E-1	1.00714E+2	1.30574E+2	5.12360E+0	9.16595E-1
-1.61904E-1	1.08969E+2	1.34500E+2	5.51966E+0	9.16977E-1
-1.46589E-1	1.28025E+2	1.30420E+2	4.62071E+0	9.17859E-1
-1.78313E-1	1.07421E+2	1.33724E+2	5.24551E+0	9.33571E-1
-1.94722E-1	1.17059E+2	1.50879E+2	5.90784E+0	9.34017E-1
-1.55340E-1	1.21028E+2	1.43217E+2	6.29558E+0	9.34200E-1
-1.60810E-1	1.02760E+2	1.43594E+2	5.20292E+0	9.50020E-1
-1.89253E-1	1.11611E+2	1.26252E+2	5.67402E+0	9.50429E-1
-2.03474E-1	1.28468E+2	1.28388E+2	5.54847E+0	9.51210E-1
-1.73937E-1	1.02553E+2	1.37663E+2	5.19735E+0	9.66673E-1
-1.72843E-1	1.12662E+2	1.37412E+2	5.75160E+0	9.67141E-1
-2.17695E-1	1.24900E+2	1.32016E+2	5.70440E+0	9.67708E-1
-1.65186E-1	1.06619E+2	1.41502E+2	5.41289E+0	9.83528E-1
-1.71749E-1	1.18732E+2	1.66634E+2	5.83891E+0	9.84089E-1
-1.62998E-1	1.26172E+2	1.25986E+2	5.84208E+0	9.84433E-1
-1.59716E-1	1.07441E+2	1.52660E+2	5.59589E+0	1.00023E+0
-1.98004E-1	1.21502E+2	1.22359E+2	5.93262E+0	1.00088E+0
-1.41119E-1	1.26231E+2	1.34900E+2	6.50880E+0	1.00110E+0
-1.62998E-1	1.03722E+2	1.30449E+2	5.22080E+0	1.01672E+0
-1.84877E-1	1.12681E+2	1.28632E+2	5.60977E+0	1.01714E+0
-2.28635E-1	1.20853E+2	1.25672E+2	5.64294E+0	1.01752E+0
-1.68468E-1	1.32190E+2	1.29432E+2	6.09275E+0	1.01804E+0
-1.57528E-1	1.03819E+2	1.31151E+2	5.05455E+0	1.03339E+0
-1.60810E-1	1.01994E+2	1.53936E+2	5.25188E+0	1.04998E+0
-1.80501E-1	1.15336E+2	1.36430E+2	5.47958E+0	1.05059E+0
-1.80501E-1	1.26701E+2	1.32216E+2	5.35860E+0	1.05112E+0
-1.62998E-1	1.15073E+2	1.29425E+2	5.50093E+0	1.06725E+0
-1.93628E-1	1.20936E+2	1.60124E+2	5.50230E+0	1.06752E+0
-1.65186E-1	1.32978E+2	1.32769E+2	6.36923E+0	1.06808E+0
-1.43307E-1	9.78739E+1	1.46598E+2	5.60518E+0	1.08312E+0
-1.64092E-1	1.15723E+2	1.30503E+2	5.62781E+0	1.08394E+0
-1.84877E-1	1.23950E+2	1.25853E+2	5.18147E+0	1.08432E+0
-1.67374E-1	1.04040E+2	1.25817E+2	5.15735E+0	1.10007E+0
-1.70655E-1	1.17254E+2	1.22562E+2	5.65722E+0	1.10068E+0
-1.59716E-1	1.25561E+2	1.27423E+2	5.80336E+0	1.10106E+0
-1.53152E-1	1.06155E+2	1.41304E+2	5.47633E+0	1.11683E+0
-1.84877E-1	1.19618E+2	1.24373E+2	5.94571E+0	1.11745E+0
-1.58622E-1	9.80273E+1	1.35097E+2	5.29575E+0	1.13312E+0
-1.68468E-1	1.10440E+2	1.29889E+2	5.51260E+0	1.13369E+0
-1.59716E-1	1.01317E+2	1.30017E+2	5.14013E+0	1.14994E+0
-1.75031E-1	1.15609E+2	1.28069E+2	5.51247E+0	1.15060E+0
-1.59716E-1	1.22921E+2	1.78412E+2	4.73954E+0	1.15094E+0
-1.56434E-1	1.00695E+2	1.29763E+2	5.17230E+0	1.16657E+0
-1.87065E-1	1.09417E+2	1.29508E+2	5.59388E+0	1.16698E+0
-1.72843E-1	1.17489E+2	1.25090E+2	5.78076E+0	1.16735E+0
-1.71749E-1	1.26681E+2	1.26337E+2	4.85641E+0	1.16778E+0
-1.60810E-1	1.03819E+2	1.34596E+2	5.29226E+0	1.18338E+0
-1.99098E-1	1.11200E+2	1.24579E+2	5.83836E+0	1.18373E+0
-1.59716E-1	1.01283E+2	1.31966E+2	5.17681E+0	1.19994E+0
-1.61904E-1	1.14485E+2	1.33878E+2	5.27200E+0	1.20055E+0
-1.62998E-1	1.28888E+2	1.23788E+2	4.73029E+0	1.20121E+0
-1.64092E-1	1.02749E+2	1.45265E+2	5.38846E+0	1.21667E+0
-1.84877E-1	1.23221E+2	1.27784E+2	5.84906E+0	1.21761E+0
-1.73937E-1	1.29179E+2	1.24400E+2	6.29407E+0	1.21789E+0
-1.46589E-1	9.86154E+1	1.39056E+2	5.15487E+0	1.23314E+0
-1.64092E-1	1.10711E+2	1.31090E+2	5.57390E+0	1.23370E+0
-1.65186E-1	1.04352E+2	1.30985E+2	5.21368E+0	1.25007E+0
-1.79407E-1	1.13448E+2	1.28165E+2	5.71874E+0	1.25049E+0
-1.73937E-1	1.19544E+2	1.26201E+2	5.78412E+0	1.25077E+0
-1.64092E-1	1.01739E+2	1.31863E+2	5.21396E+0	1.26661E+0
-1.58622E-1	1.09950E+2	1.29809E+2	5.31936E+0	1.26699E+0
-1.43307E-1	1.26787E+2	1.25278E+2	4.37010E+0	1.26777E+0
-1.56434E-1	1.06094E+2	1.66246E+2	5.56516E+0	1.28348E+0
-1.66280E-1	1.15024E+2	1.26829E+2	5.74273E+0	1.28389E+0
-1.82689E-1	1.22364E+2	1.25876E+2	5.11387E+0	1.28423E+0
-1.46589E-1	1.02792E+2	1.33915E+2	5.29196E+0	1.29999E+0
-1.68468E-1	1.16313E+2	1.33465E+2	5.31872E+0	1.30062E+0
-1.54246E-1	1.21290E+2	1.24289E+2	5.98120E+0	1.30085E+0
-1.65186E-1	1.04216E+2	1.31686E+2	5.37762E+0	1.31673E+0
-1.58622E-1	1.13189E+2	1.27609E+2	5.71288E+0	1.31714E+0
-1.54246E-1	1.09470E+2	1.31476E+2	5.24384E+0	1.33363E+0
-1.82689E-1	1.19037E+2	1.29065E+2	5.95330E+0	1.33408E+0
-1.58622E-1	1.24152E+2	1.32881E+2	6.30647E+0	1.33431E+0
-1.67374E-1	1.04686E+2	1.27179E+2	5.40841E+0	1.35008E+0
-1.82689E-1	1.15954E+2	1.54299E+2	5.86368E+0	1.35060E+0
-1.62998E-1	1.21470E+2	1.22991E+2	5.93885E+0	1.35085E+0
-1.56434E-1	1.32130E+2	1.27138E+2	6.15773E+0	1.35135E+0
-1.61904E-1	1.03110E+2	1.30617E+2	5.58206E+0	1.36667E+0
-1.78313E-1	1.16700E+2	1.30410E+2	5.66784E+0	1.36730E+0
-1.48777E-1	1.00525E+2	1.37529E+2	5.03730E+0	1.38321E+0
-1.59716E-1	1.07852E+2	1.29319E+2	5.56043E+0	1.38355E+0
-1.47683E-1	1.16272E+2	2.01269E+2	5.90167E+0	1.38394E+0
-1.71749E-1	1.02391E+2	1.75678E+2	5.37311E+0	1.39996E+0
-1.88159E-1	1.17198E+2	1.21141E+2	5.97765E+0	1.40065E+0
-1.56434E-1	1.30042E+2	1.30710E+2	5.90964E+0	1.40124E+0
-1.58622E-1	1.01382E+2	1.89057E+2	5.32885E+0	1.41659E+0
-1.84877E-1	1.12995E+2	1.33987E+2	5.66770E+0	1.41712E+0
-2.19883E-1	1.27194E+2	1.23125E+2	5.72471E+0	1.41778E+0
-1.75031E-1	1.06470E+2	1.89410E+2	5.43763E+0	1.43349E+0
-1.70655E-1	1.15373E+2	1.81589E+2	6.04117E+0	1.43390E+0
-1.47683E-1	1.28314E+2	1.43121E+2	4.57283E+0	1.43450E+0
-1.56434E-1	1.00621E+2	1.35367E+2	5.32713E+0	1.44988E+0
-1.93628E-1	1.11253E+2	1.41283E+2	5.59816E+0	1.45037E+0
-1.84877E-1	1.17917E+2	1.26000E+2	4.93280E+0	1.45068E+0
-1.70655E-1	1.31853E+2	1.30699E+2	6.18906E+0	1.45133E+0
-1.49871E-1	1.00884E+2	1.51999E+2	5.68444E+0	1.46656E+0
-1.87065E-1	1.25424E+2	1.21861E+2	6.27318E+0	1.46769E+0
-1.47683E-1	1.04617E+2	1.32236E+2	5.22761E+0	1.48340E+0
-1.81595E-1	1.15069E+2	1.26662E+2	5.78611E+0	1.48388E+0
-1.62998E-1	1.30761E+2	1.25596E+2	4.94208E+0	1.48461E+0
-1.67374E-1	1.02928E+2	1.29319E+2	5.27934E+0	1.49998E+0
-1.62998E-1	1.14485E+2	1.52769E+2	5.66576E+0	1.50052E+0
-2.13319E-1	1.28253E+2	1.22912E+2	5.90110E+0	1.50116E+0
-1.79407E-1	1.07918E+2	1.24454E+2	5.56602E+0	1.51688E+0
-1.99098E-1	1.17954E+2	1.28130E+2	5.98880E+0	1.51735E+0
-1.47683E-1	1.33809E+2	1.26538E+2	6.63501E+0	1.51808E+0
-1.65186E-1	1.03937E+2	1.32242E+2	5.13720E+0	1.53336E+0
-1.91440E-1	1.11886E+2	1.25762E+2	5.82425E+0	1.53373E+0
-1.47683E-1	1.33450E+2	1.39864E+2	6.22095E+0	1.53473E+0
-1.69562E-1	1.03315E+2	1.29821E+2	5.36209E+0	1.55000E+0
-1.78313E-1	1.13254E+2	1.65060E+2	5.67841E+0	1.55046E+0
-1.61904E-1	1.27022E+2	1.26465E+2	5.95761E+0	1.55110E+0
-1.58622E-1	9.94862E+1	1.32085E+2	5.38163E+0	1.56649E+0
-1.77219E-1	1.07656E+2	1.71849E+2	5.69918E+0	1.56686E+0
-2.04568E-1	1.26884E+2	1.55298E+2	5.58704E+0	1.56775E+0
-1.80501E-1	1.06868E+2	1.27635E+2	5.32190E+0	1.58349E+0
-1.92534E-1	1.17374E+2	1.25790E+2	5.94955E+0	1.58398E+0
-1.59716E-1	1.25073E+2	1.27859E+2	4.71613E+0	1.58433E+0
-1.68468E-1	9.98333E+1	1.34260E+2	5.44981E+0	1.59983E+0
-1.52058E-1	1.13852E+2	1.31721E+2	5.43644E+0	1.60048E+0
-1.67374E-1	1.05806E+2	1.29510E+2	5.44049E+0	1.61677E+0
-1.87065E-1	1.14931E+2	1.22330E+2	5.88046E+0	1.61719E+0
-1.50964E-1	1.18498E+2	1.32960E+2	6.04788E+0	1.61736E+0
-1.61904E-1	1.04105E+2	1.35430E+2	5.30893E+0	1.63336E+0
-1.66280E-1	1.12539E+2	1.33218E+2	5.81585E+0	1.63375E+0
-1.93628E-1	1.21000E+2	1.29537E+2	6.00688E+0	1.63414E+0
-1.52058E-1	1.03857E+2	1.32758E+2	5.38017E+0	1.65001E+0
-1.75031E-1	1.17627E+2	1.28145E+2	5.75744E+0	1.65065E+0
-1.79407E-1	9.77733E+1	1.30471E+2	5.07049E+0	1.66639E+0
-1.49871E-1	1.09055E+2	1.33579E+2	5.57517E+0	1.66692E+0
-1.78313E-1	1.20530E+2	1.36427E+2	5.98626E+0	1.66745E+0
-1.50964E-1	1.28231E+2	1.27242E+2	6.06165E+0	1.66780E+0
-1.81595E-1	1.00870E+2	1.29956E+2	5.29452E+0	1.68320E+0
-1.68468E-1	1.13645E+2	1.31097E+2	5.73055E+0	1.68379E+0
-1.64092E-1	1.01929E+2	1.72410E+2	5.27428E+0	1.69992E+0
-1.56434E-1	1.13612E+2	1.38022E+2	5.47649E+0	1.70046E+0
-1.72843E-1	1.00850E+2	1.28023E+2	5.20821E+0	1.71653E+0
-1.75031E-1	1.10211E+2	1.31280E+2	5.72562E+0	1.71696E+0
-1.98004E-1	1.18507E+2	1.24442E+2	6.13310E+0	1.71735E+0
-1.55340E-1	1.28973E+2	1.35941E+2	5.88254E+0	1.71783E+0
-1.87065E-1	1.07708E+2	1.51136E+2	5.61937E+0	1.73351E+0
-2.02380E-1	1.13695E+2	1.24942E+2	6.15503E+0	1.73379E+0
-1.75031E-1	1.28738E+2	1.30521E+2	4.82174E+0	1.73449E+0
-1.76125E-1	1.05468E+2	1.48073E+2	5.51700E+0	1.75007E+0
-1.73937E-1	1.17677E+2	1.27730E+2	5.95679E+0	1.75064E+0
-1.64092E-1	1.29844E+2	1.63526E+2	5.91836E+0	1.75120E+0
-1.72843E-1	1.11967E+2	1.35176E+2	5.69486E+0	1.76704E+0
-1.46589E-1	1.31780E+2	2.18804E+2	6.02612E+0	1.76796E+0
-1.68468E-1	9.68545E+1	1.33653E+2	5.00344E+0	1.78301E+0
-1.76125E-1	1.10156E+2	1.41134E+2	5.65007E+0	1.78362E+0
-1.84877E-1	1.20525E+2	1.29140E+2	5.82573E+0	1.78410E+0
-1.71749E-1	9.91683E+1	1.40486E+2	5.09255E+0	1.79978E+0
-1.67374E-1	1.12867E+2	1.35896E+2	5.74159E+0	1.80041E+0
-1.43307E-1	1.32399E+2	1.91565E+2	6.26755E+0	1.80132E+0
-1.71749E-1	9.99977E+1	1.32064E+2	5.12007E+0	1.81648E+0
-1.72843E-1	1.13489E+2	1.28304E+2	5.80111E+0	1.81711E+0
-1.78313E-1	1.29580E+2	1.63876E+2	5.03919E+0	1.81785E+0
-1.66280E-1	1.05057E+2	1.51031E+2	5.56243E+0	1.83338E+0
-1.52058E-1	1.15065E+2	1.29712E+2	5.73773E+0	1.83384E+0
-1.58622E-1	1.31197E+2	1.27417E+2	6.19623E+0	1.83459E+0
-1.68468E-1	1.03440E+2	1.33178E+2	5.20858E+0	1.84997E+0
-1.77219E-1	1.18894E+2	1.32505E+2	5.84899E+0	1.85068E+0
-1.56434E-1	1.31321E+2	1.72778E+2	6.21012E+0	1.85126E+0
-1.82689E-1	1.04048E+2	1.31159E+2	5.26070E+0	1.86666E+0
-1.65186E-1	1.16461E+2	1.30065E+2	5.94500E+0	1.86723E+0
-1.67374E-1	1.32634E+2	1.26249E+2	6.41438E+0	1.86798E+0
-1.79407E-1	1.07144E+2	1.29623E+2	5.26812E+0	1.88347E+0
-1.73937E-1	1.15107E+2	1.24809E+2	5.91017E+0	1.88384E+0
-2.02380E-1	1.24009E+2	1.20768E+2	5.26618E+0	1.88425E+0
-1.69562E-1	1.00522E+2	1.39911E+2	5.10909E+0	1.89983E+0
-1.70655E-1	1.09703E+2	1.40927E+2	5.53655E+0	1.90025E+0
-1.40025E-1	1.31301E+2	1.36611E+2	6.11601E+0	1.90125E+0
-1.82689E-1	9.41619E+1	1.28162E+2	5.01212E+0	1.91620E+0
-1.68468E-1	1.04021E+2	1.34431E+2	5.40141E+0	1.91666E+0
-1.70655E-1	1.14737E+2	1.35113E+2	5.62936E+0	1.91715E+0
-1.57528E-1	1.20419E+2	1.28922E+2	5.37635E+0	1.91741E+0
-1.68468E-1	1.27927E+2	1.27027E+2	6.22846E+0	1.91776E+0
-1.89253E-1	9.59180E+1	1.34860E+2	5.08876E+0	1.93295E+0
-1.57528E-1	1.03813E+2	1.34641E+2	5.20626E+0	1.93331E+0
-1.59716E-1	1.14156E+2	1.28198E+2	5.70193E+0	1.93379E+0
-1.57528E-1	1.18083E+2	1.25976E+2	5.88361E+0	1.93397E+0
-1.65186E-1	1.32103E+2	1.29031E+2	6.04779E+0	1.93462E+0
-1.62998E-1	9.41204E+1	1.28888E+2	5.05009E+0	1.94953E+0
-1.60810E-1	1.03979E+2	1.39421E+2	5.52274E+0	1.94998E+0
-1.94722E-1	1.17972E+2	1.27217E+2	5.77361E+0	1.95063E+0
-1.60810E-1	1.28646E+2	1.44936E+2	6.00053E+0	1.95112E+0
-1.68468E-1	9.97204E+1	1.33618E+2	5.06488E+0	1.96645E+0
-1.47683E-1	1.10436E+2	1.34637E+2	5.31138E+0	1.96694E+0
-1.75031E-1	1.04214E+2	1.29280E+2	5.27895E+0	1.98332E+0
-1.89253E-1	1.14336E+2	1.23736E+2	5.70247E+0	1.98379E+0
-2.25353E-1	1.23365E+2	1.56133E+2	5.52642E+0	1.98421E+0
-1.64092E-1	1.05462E+2	1.27543E+2	5.32820E+0	2.00004E+0
-1.77219E-1	1.13383E+2	1.31177E+2	5.82899E+0	2.00041E+0
-1.62998E-1	1.28700E+2	1.34103E+2	5.16035E+0	2.00112E+0
-1.53152E-1	9.90200E+1	1.71719E+2	5.34379E+0	2.01641E+0
-1.88159E-1	1.07411E+2	1.26927E+2	5.62513E+0	2.01680E+0
-1.88159E-1	1.18083E+2	1.23846E+2	5.76299E+0	2.01729E+0
-1.43307E-1	1.04093E+2	1.40909E+2	5.33555E+0	2.03331E+0
-1.82689E-1	1.15885E+2	1.34514E+2	5.61160E+0	2.03386E+0
-1.70655E-1	1.31935E+2	1.74154E+2	6.29929E+0	2.03460E+0
-1.69562E-1	1.03126E+2	1.98491E+2	5.52736E+0	2.04993E+0
-1.92534E-1	1.12692E+2	1.27196E+2	5.67239E+0	2.05038E+0
-1.91440E-1	1.19797E+2	1.27740E+2	6.03472E+0	2.05071E+0
-1.70655E-1	1.25313E+2	1.40174E+2	6.33626E+0	2.05096E+0
-1.54246E-1	9.96421E+1	1.33751E+2	5.15908E+0	2.06644E+0
-1.73937E-1	1.08669E+2	1.22978E+2	5.48237E+0	2.06686E+0
-2.24259E-1	1.24138E+2	1.21718E+2	5.57203E+0	2.06757E+0
-1.79407E-1	1.30870E+2	1.23377E+2	6.59944E+0	2.06788E+0
-1.65186E-1	1.03610E+2	1.28435E+2	5.10538E+0	2.08329E+0
-1.67374E-1	1.16327E+2	1.30322E+2	5.56439E+0	2.08387E+0
-1.55340E-1	1.02541E+2	1.32726E+2	5.27142E+0	2.09990E+0
-1.81595E-1	1.15590E+2	1.25611E+2	5.77512E+0	2.10051E+0
-2.13319E-1	1.27064E+2	1.20332E+2	5.57610E+0	2.10104E+0
-1.70655E-1	1.05831E+2	1.59404E+2	5.15322E+0	2.11672E+0
-1.78313E-1	1.16821E+2	1.29417E+2	5.90873E+0	2.11722E+0
-2.07850E-1	1.26262E+2	1.27126E+2	5.39622E+0	2.11766E+0
-1.49871E-1	1.07172E+2	1.41985E+2	5.79371E+0	2.13344E+0
-1.73937E-1	1.18714E+2	1.27246E+2	5.86812E+0	2.13398E+0
-1.37837E-1	1.27838E+2	1.41033E+2	5.64763E+0	2.13440E+0
-1.75031E-1	1.00260E+2	1.32098E+2	5.09997E+0	2.14979E+0
-1.71749E-1	1.10268E+2	1.44500E+2	5.50185E+0	2.15026E+0
-1.99098E-1	1.25322E+2	1.23941E+2	5.52148E+0	2.15095E+0
-1.62998E-1	1.00495E+2	1.43902E+2	5.26687E+0	2.16647E+0
-1.56434E-1	1.10103E+2	1.30712E+2	5.38408E+0	2.16691E+0
-1.95816E-1	1.27243E+2	1.25782E+2	5.14626E+0	2.16770E+0
-1.76125E-1	9.83389E+1	1.27296E+2	5.12202E+0	2.18303E+0
-1.57528E-1	1.08264E+2	1.39643E+2	5.52587E+0	2.18349E+0
-1.88159E-1	1.19654E+2	1.26960E+2	5.85458E+0	2.18402E+0
-1.53152E-1	1.04593E+2	1.28738E+2	5.10426E+0	2.19998E+0
-1.80501E-1	1.15792E+2	1.70850E+2	5.83061E+0	2.20050E+0
-2.18789E-1	1.25761E+2	1.21178E+2	5.56546E+0	2.20096E+0
-1.56434E-1	1.04109E+2	1.46015E+2	5.39707E+0	2.21663E+0
-1.83783E-1	1.15889E+2	1.31078E+2	5.56702E+0	2.21717E+0
-1.60810E-1	1.22567E+2	1.23034E+2	5.72862E+0	2.21748E+0
-1.49871E-1	1.32065E+2	1.26349E+2	6.30950E+0	2.21792E+0
-1.49871E-1	1.04165E+2	1.51340E+2	5.33967E+0	2.23329E+0
-1.83783E-1	1.15696E+2	1.25197E+2	5.87114E+0	2.23383E+0
-1.68468E-1	1.19608E+2	1.35643E+2	6.40072E+0	2.23401E+0
-1.58622E-1	1.31900E+2	1.28782E+2	6.29937E+0	2.23458E+0
-1.50964E-1	1.07096E+2	1.31808E+2	5.46618E+0	2.25009E+0
-1.65186E-1	1.18032E+2	1.24053E+2	5.78900E+0	2.25060E+0
-1.81595E-1	1.04566E+2	1.30173E+2	5.42183E+0	2.26664E+0
-2.02380E-1	1.15322E+2	1.22508E+2	5.73319E+0	2.26714E+0
-1.95816E-1	1.27088E+2	1.24820E+2	5.18177E+0	2.26769E+0
-1.75031E-1	1.04676E+2	1.31765E+2	5.12563E+0	2.28331E+0
-1.99098E-1	1.15198E+2	1.21917E+2	5.67715E+0	2.28380E+0
-1.59716E-1	1.00742E+2	1.47343E+2	5.25884E+0	2.29980E+0
-1.80501E-1	1.13226E+2	1.33882E+2	5.65082E+0	2.30037E+0
-2.16601E-1	1.18631E+2	1.21183E+2	5.74083E+0	2.30062E+0
-1.59716E-1	1.29995E+2	1.28010E+2	5.93305E+0	2.30115E+0
-1.56434E-1	1.00065E+2	2.27521E+2	5.50832E+0	2.31643E+0
-1.40025E-1	1.08041E+2	1.34866E+2	5.33308E+0	2.31680E+0
-1.88159E-1	1.18687E+2	1.26279E+2	5.90506E+0	2.31729E+0
-1.77219E-1	1.31378E+2	1.36356E+2	6.29983E+0	2.31788E+0
-1.60810E-1	1.11387E+2	1.31414E+2	5.47050E+0	2.33362E+0
-1.73937E-1	1.16696E+2	1.28149E+2	5.79197E+0	2.33387E+0
-1.69562E-1	1.03797E+2	1.29712E+2	5.31714E+0	2.34993E+0
-1.72843E-1	1.14221E+2	1.27682E+2	5.66384E+0	2.35042E+0
-1.72843E-1	1.20290E+2	1.28286E+2	5.68096E+0	2.35070E+0
-1.52058E-1	1.31005E+2	1.27728E+2	6.02596E+0	2.35119E+0
-1.57528E-1	1.03092E+2	1.35246E+2	5.34423E+0	2.36657E+0
-1.73937E-1	1.13115E+2	1.25010E+2	5.79980E+0	2.36703E+0
-1.56434E-1	9.90553E+1	1.30050E+2	5.20693E+0	2.38304E+0
-1.52058E-1	1.06728E+2	1.35475E+2	5.68185E+0	2.38340E+0
-1.48777E-1	1.31654E+2	1.27550E+2	6.00816E+0	2.38455E+0
-1.53152E-1	1.07628E+2	1.26171E+2	5.59126E+0	2.40011E+0
-2.23165E-1	1.24741E+2	1.21824E+2	5.67746E+0	2.40090E+0
-1.54246E-1	1.02997E+2	1.33110E+2	5.10721E+0	2.41656E+0
-1.84877E-1	1.09605E+2	1.22845E+2	5.91215E+0	2.41686E+0
-1.91440E-1	1.20843E+2	1.67349E+2	6.02780E+0	2.41738E+0
-1.45495E-1	1.26179E+2	1.68179E+2	6.20999E+0	2.41763E+0
-1.73937E-1	1.03509E+2	1.34555E+2	5.50180E+0	2.43325E+0
-1.83783E-1	1.12812E+2	1.23845E+2	5.64165E+0	2.43368E+0
-1.94722E-1	1.23829E+2	1.32064E+2	5.21452E+0	2.43419E+0
-1.64092E-1	1.00855E+2	1.33214E+2	5.33202E+0	2.44979E+0
-1.44401E-1	1.13337E+2	1.31187E+2	5.51317E+0	2.45037E+0
-2.30822E-1	1.20111E+2	1.22648E+2	5.66455E+0	2.45068E+0
-1.56434E-1	1.27948E+2	1.27714E+2	5.72174E+0	2.45104E+0
-1.68468E-1	1.04214E+2	1.36906E+2	5.49309E+0	2.46661E+0
-2.06756E-1	1.14111E+2	1.30073E+2	5.94845E+0	2.46707E+0
-2.33010E-1	1.23442E+2	1.25200E+2	5.89113E+0	2.46750E+0
-1.65186E-1	1.32303E+2	1.27158E+2	6.73009E+0	2.46791E+0
-1.71749E-1	9.93065E+1	1.30357E+2	5.28150E+0	2.48304E+0
-1.43307E-1	1.08057E+2	1.43740E+2	5.82697E+0	2.48345E+0
-1.84877E-1	1.19917E+2	1.24705E+2	5.89875E+0	2.48400E+0
-1.54246E-1	1.31515E+2	1.27034E+2	6.09155E+0	2.48453E+0
-1.59716E-1	1.07201E+2	1.29305E+2	5.38206E+0	2.50007E+0
-2.04568E-1	1.18691E+2	1.21041E+2	6.03925E+0	2.50061E+0
-1.41119E-1	1.31951E+2	1.29724E+2	6.03796E+0	2.50122E+0
-1.70655E-1	1.04505E+2	1.30516E+2	5.27683E+0	2.51662E+0
-1.72843E-1	1.14349E+2	1.63595E+2	5.78668E+0	2.51707E+0
-1.79407E-1	1.01587E+2	1.37906E+2	5.21867E+0	2.53314E+0
-1.76125E-1	1.14349E+2	1.27678E+2	5.52770E+0	2.53373E+0
-1.62998E-1	1.34025E+2	1.34963E+2	6.46110E+0	2.53465E+0
-1.67374E-1	1.06731E+2	1.30879E+2	5.23897E+0	2.55005E+0
-1.82689E-1	1.15870E+2	1.25353E+2	5.78340E+0	2.55047E+0
-1.71749E-1	1.23199E+2	1.27365E+2	5.89299E+0	2.55081E+0
-1.54246E-1	1.03232E+2	1.32362E+2	5.31179E+0	2.56655E+0
-1.89253E-1	1.15691E+2	1.30162E+2	5.77343E+0	2.56713E+0
-1.80501E-1	1.20890E+2	1.28490E+2	5.79112E+0	2.56737E+0
-1.55340E-1	1.28176E+2	1.32925E+2	6.05965E+0	2.56770E+0
-1.49871E-1	1.01684E+2	1.34386E+2	5.49777E+0	2.58314E+0
-1.60810E-1	1.10229E+2	1.29232E+2	5.62831E+0	2.58354E+0
-2.11131E-1	1.26075E+2	1.29771E+2	5.52430E+0	2.58427E+0
-1.67374E-1	1.05589E+2	1.31649E+2	5.59969E+0	2.59998E+0
-1.82689E-1	1.28609E+2	1.30432E+2	4.96774E+0	2.60105E+0
-1.50964E-1	1.02630E+2	1.31324E+2	5.31570E+0	2.61652E+0
-1.67374E-1	1.14866E+2	1.28550E+2	5.40144E+0	2.61708E+0
-1.53152E-1	1.32190E+2	1.32658E+2	6.21138E+0	2.61788E+0
-1.57528E-1	9.82610E+1	1.32215E+2	5.11478E+0	2.63298E+0
-1.67374E-1	1.14396E+2	1.26484E+2	5.47795E+0	2.63372E+0
-1.78313E-1	1.00667E+2	1.27116E+2	5.14375E+0	2.64975E+0
-1.76125E-1	1.11423E+2	1.25909E+2	5.51374E+0	2.65025E+0
-1.68468E-1	1.28775E+2	1.22959E+2	5.10114E+0	2.65106E+0
-1.67374E-1	1.04414E+2	1.41518E+2	5.33402E+0	2.66659E+0
-1.79407E-1	1.12723E+2	1.29121E+2	5.71408E+0	2.66698E+0
-1.71749E-1	1.17438E+2	1.27720E+2	5.82232E+0	2.66719E+0
-1.73937E-1	1.01800E+2	1.24707E+2	5.16870E+0	2.68314E+0
-1.72843E-1	1.09958E+2	1.75811E+2	5.95163E+0	2.68351E+0
-1.47683E-1	1.31457E+2	1.43729E+2	6.14595E+0	2.68451E+0
-1.82689E-1	1.04412E+2	1.35648E+2	5.35621E+0	2.69992E+0
-1.56434E-1	1.16082E+2	1.24759E+2	5.51692E+0	2.70046E+0
-1.76125E-1	1.27725E+2	1.28486E+2	4.92838E+0	2.70100E+0
-1.50964E-1	1.01549E+2	1.59760E+2	5.39251E+0	2.71645E+0
-1.83783E-1	1.17327E+2	1.26861E+2	5.77510E+0	2.71718E+0
-1.65186E-1	1.27255E+2	1.28665E+2	4.83943E+0	2.71764E+0
-1.64092E-1	1.06223E+2	1.41018E+2	5.35986E+0	2.73333E+0
-1.81595E-1	1.18820E+2	1.28612E+2	5.98070E+0	2.73392E+0
-1.60810E-1	1.25098E+2	1.29603E+2	5.85772E+0	2.73421E+0
-1.85971E-1	1.08477E+2	1.27465E+2	5.28940E+0	2.75010E+0
-2.00192E-1	1.28320E+2	1.30065E+2	5.26752E+0	2.75102E+0
-1.50964E-1	1.00084E+2	1.36417E+2	5.27969E+0	2.76638E+0
-1.67374E-1	1.11768E+2	1.41697E+2	5.56397E+0	2.76692E+0
-2.22071E-1	1.26868E+2	1.23191E+2	5.55535E+0	2.76762E+0
-1.57528E-1	1.04993E+2	1.37225E+2	5.34245E+0	2.78327E+0
-1.64092E-1	1.05416E+2	1.31022E+2	5.29238E+0	2.79996E+0
-1.61904E-1	1.18466E+2	1.27710E+2	5.82489E+0	2.80056E+0
-1.49871E-1	1.22737E+2	1.30453E+2	5.91840E+0	2.80076E+0
-1.67374E-1	1.08720E+2	1.65366E+2	5.25445E+0	2.81677E+0
-1.69562E-1	1.33851E+2	1.24791E+2	6.40450E+0	2.81794E+0
-1.56434E-1	1.00108E+2	1.32941E+2	5.13136E+0	2.83304E+0
-1.75031E-1	1.10116E+2	1.25444E+2	5.40243E+0	2.83350E+0
-1.59716E-1	1.29911E+2	1.27881E+2	4.64347E+0	2.83442E+0
-1.88159E-1	9.55742E+1	1.25768E+2	4.03718E+0	2.84949E+0
-1.96910E-1	1.08430E+2	1.35046E+2	5.53808E+0	2.85009E+0
-1.76125E-1	1.20636E+2	1.24814E+2	5.84109E+0	2.85065E+0
-1.68468E-1	1.03882E+2	1.30621E+2	5.46520E+0	2.86654E+0
-1.78313E-1	1.13019E+2	1.24619E+2	5.66342E+0	2.86697E+0
-1.78313E-1	1.21866E+2	1.27980E+2	5.92864E+0	2.86737E+0
-1.62998E-1	1.32773E+2	1.27617E+2	6.32924E+0	2.86788E+0
-1.60810E-1	1.02845E+2	1.39893E+2	5.35674E+0	2.88316E+0
-1.61904E-1	1.12452E+2	1.35214E+2	5.47176E+0	2.88361E+0
-1.69562E-1	1.28501E+2	1.32486E+2	5.17326E+0	2.88435E+0
-1.52058E-1	1.05954E+2	1.41481E+2	5.04461E+0	2.89997E+0
-2.05662E-1	1.14829E+2	1.39746E+2	5.95710E+0	2.90038E+0
-1.67374E-1	9.83779E+1	1.29725E+2	5.17891E+0	2.91628E+0
-1.75031E-1	1.15438E+2	1.28158E+2	5.74136E+0	2.91707E+0
-1.61904E-1	1.31502E+2	1.24413E+2	4.79105E+0	2.91782E+0
-1.65186E-1	1.03645E+2	1.26689E+2	5.29817E+0	2.93319E+0
-1.59716E-1	1.14636E+2	1.24950E+2	5.55870E+0	2.93370E+0
-1.57528E-1	1.32829E+2	1.30350E+2	6.23656E+0	2.93454E+0
-1.67374E-1	1.05346E+2	1.34475E+2	5.38735E+0	2.94993E+0
-1.89253E-1	1.12894E+2	1.22842E+2	5.88471E+0	2.95028E+0
-2.17695E-1	1.24535E+2	1.59266E+2	5.69458E+0	2.95082E+0
-1.52058E-1	9.99401E+1	1.46339E+2	5.31871E+0	2.96634E+0
-1.72843E-1	1.09092E+2	1.47352E+2	5.65030E+0	2.96677E+0
-2.00192E-1	1.18977E+2	1.19853E+2	6.09563E+0	2.96723E+0
-1.65186E-1	1.32608E+2	1.30898E+2	6.37535E+0	2.96786E+0
-1.70655E-1	1.03396E+2	1.72243E+2	5.57591E+0	2.98317E+0
-1.71749E-1	1.15535E+2	1.30153E+2	5.56168E+0	2.98373E+0
-1.69562E-1	1.02022E+2	1.28746E+2	5.27676E+0	2.99977E+0
-1.76125E-1	1.14600E+2	1.30603E+2	5.59263E+0	3.00036E+0
-2.15507E-1	1.22603E+2	1.26626E+2	5.44583E+0	3.00073E+0
-1.68468E-1	1.06251E+2	1.34642E+2	5.44512E+0	3.01663E+0
-1.96910E-1	1.16038E+2	1.22732E+2	5.79486E+0	3.01709E+0
-1.85971E-1	1.04261E+2	1.25968E+2	5.32683E+0	3.03321E+0
-1.73937E-1	1.16687E+2	1.32361E+2	5.82825E+0	3.03378E+0
-1.56434E-1	1.26335E+2	1.28441E+2	5.73813E+0	3.03423E+0
-1.70655E-1	1.06099E+2	1.31166E+2	5.38281E+0	3.04996E+0
-1.78313E-1	1.18180E+2	1.25995E+2	5.80327E+0	3.05051E+0
-1.60810E-1	1.25755E+2	1.31982E+2	5.98166E+0	3.05086E+0
-1.52058E-1	1.04233E+2	1.32721E+2	5.33376E+0	3.06653E+0
-1.85971E-1	1.13121E+2	1.26921E+2	5.89444E+0	3.06695E+0
-1.43307E-1	1.30993E+2	1.83682E+2	4.76553E+0	3.06777E+0
-1.55340E-1	1.02561E+2	1.34725E+2	5.18022E+0	3.08312E+0
-1.78313E-1	1.15526E+2	1.25742E+2	5.52573E+0	3.08372E+0
-1.54246E-1	1.31187E+2	1.31588E+2	5.94035E+0	3.08444E+0
-1.52058E-1	1.00131E+2	1.70533E+2	5.51687E+0	3.09967E+0
-1.56434E-1	1.11732E+2	1.31191E+2	5.48744E+0	3.10021E+0
-1.62998E-1	1.30494E+2	1.49308E+2	5.99090E+0	3.10108E+0
-1.58622E-1	1.00353E+2	1.35459E+2	5.09335E+0	3.11635E+0
-1.73937E-1	1.09492E+2	1.25643E+2	5.71060E+0	3.11677E+0
-1.71749E-1	9.64950E+1	1.28735E+2	5.25452E+0	3.13283E+0
-1.71749E-1	1.04943E+2	1.62834E+2	5.35238E+0	3.13322E+0
-1.62998E-1	1.15603E+2	1.25097E+2	5.70814E+0	3.13372E+0
-1.57528E-1	1.03311E+2	1.31493E+2	5.23842E+0	3.14981E+0
-1.81595E-1	1.14539E+2	1.48452E+2	5.75849E+0	3.15033E+0
-1.56434E-1	1.32513E+2	1.69037E+2	6.17603E+0	3.15116E+0
-1.67374E-1	1.08759E+2	1.26793E+2	5.37143E+0	3.16673E+0
-1.87065E-1	1.16322E+2	1.34914E+2	6.08585E+0	3.16708E+0
-1.56434E-1	1.08939E+2	1.25151E+2	5.60113E+0	3.18340E+0
-1.89253E-1	1.20788E+2	1.31643E+2	6.01683E+0	3.18395E+0
-1.60810E-1	1.27964E+2	1.29236E+2	6.03888E+0	3.18428E+0
-1.76125E-1	1.03689E+2	1.32460E+2	5.42961E+0	3.19982E+0
-1.80501E-1	1.18567E+2	1.26526E+2	5.94618E+0	3.20051E+0
-1.76125E-1	1.02265E+2	1.31357E+2	5.27699E+0	3.21642E+0
-1.57528E-1	1.13921E+2	1.28741E+2	5.47281E+0	3.21696E+0
-1.66280E-1	1.31039E+2	1.57602E+2	5.45771E+0	3.21775E+0
-1.71749E-1	1.08501E+2	1.31149E+2	5.37516E+0	3.23338E+0
-2.06756E-1	1.15456E+2	1.21138E+2	6.03957E+0	3.23370E+0
-1.69562E-1	1.27291E+2	1.71917E+2	5.15005E+0	3.23425E+0
-1.61904E-1	1.04021E+2	1.30603E+2	5.21799E+0	3.24983E+0
-1.76125E-1	1.13520E+2	1.23510E+2	5.76980E+0	3.25027E+0
-1.43307E-1	1.24913E+2	1.31132E+2	4.84366E+0	3.25080E+0
-1.65186E-1	1.04574E+2	1.29222E+2	5.42022E+0	3.26652E+0
-1.84877E-1	1.14114E+2	1.41967E+2	5.63015E+0	3.26696E+0
-1.58622E-1	1.05555E+2	1.30439E+2	5.35314E+0	3.28323E+0
-2.16601E-1	1.22784E+2	1.21623E+2	5.47836E+0	3.28403E+0
-1.64092E-1	1.31039E+2	1.25394E+2	6.24209E+0	3.28441E+0
-1.69562E-1	1.02628E+2	1.29181E+2	5.23525E+0	3.29976E+0
-1.56434E-1	1.15996E+2	1.29725E+2	5.59891E+0	3.30038E+0
-1.85971E-1	1.01495E+2	1.32831E+2	5.24953E+0	3.31637E+0
-1.50964E-1	1.11752E+2	1.29943E+2	5.71754E+0	3.31685E+0
-1.43307E-1	1.16618E+2	1.33371E+2	5.54497E+0	3.31707E+0
-1.85971E-1	1.28824E+2	1.32279E+2	5.44114E+0	3.31764E+0
-1.68468E-1	1.03969E+2	1.27605E+2	5.22814E+0	3.33315E+0
-1.67374E-1	1.14309E+2	1.31087E+2	5.93280E+0	3.33363E+0
-1.58622E-1	1.04301E+2	1.29953E+2	5.17428E+0	3.34983E+0
-1.66280E-1	1.13507E+2	1.27894E+2	5.54382E+0	3.35026E+0
-1.50964E-1	1.31105E+2	1.29577E+2	6.06030E+0	3.35108E+0
-1.66280E-1	1.06761E+2	1.34921E+2	5.58997E+0	3.36661E+0
-1.96910E-1	1.15747E+2	1.27045E+2	5.86183E+0	3.36703E+0
-1.90346E-1	1.23585E+2	1.20896E+2	5.26118E+0	3.36739E+0
-1.61904E-1	9.65456E+1	1.34686E+2	5.06482E+0	3.38280E+0
-1.62998E-1	1.15070E+2	1.28815E+2	5.60341E+0	3.38366E+0
-1.54246E-1	1.03669E+2	1.39156E+2	5.37432E+0	3.39980E+0
-2.03474E-1	1.15326E+2	1.63347E+2	5.82731E+0	3.40034E+0
-1.84877E-1	1.25020E+2	1.27606E+2	5.00416E+0	3.40079E+0
-1.54246E-1	1.00157E+2	1.35470E+2	5.24527E+0	3.41630E+0
-1.69562E-1	1.11427E+2	1.35476E+2	5.62761E+0	3.41682E+0
-1.56434E-1	1.30260E+2	1.32466E+2	5.91757E+0	3.41769E+0
-1.65186E-1	1.09546E+2	1.24799E+2	5.29162E+0	3.43340E+0
-2.08944E-1	1.25545E+2	1.39536E+2	5.55112E+0	3.43414E+0
-1.69562E-1	1.00157E+2	1.30472E+2	5.06270E+0	3.44963E+0
-1.62998E-1	1.12007E+2	1.42794E+2	5.64434E+0	3.45018E+0
-2.10037E-1	1.19696E+2	1.22683E+2	5.43313E+0	3.45053E+0
-1.66280E-1	1.04070E+2	1.33971E+2	5.34362E+0	3.46647E+0
-1.67374E-1	1.15202E+2	1.74070E+2	5.66332E+0	3.46699E+0
-1.59716E-1	1.21383E+2	1.30953E+2	5.08455E+0	3.46728E+0
-1.49871E-1	1.30177E+2	1.32529E+2	5.92332E+0	3.46768E+0
-1.69562E-1	1.05674E+2	1.30025E+2	5.40006E+0	3.48321E+0
-1.49871E-1	1.13238E+2	1.42637E+2	5.63278E+0	3.48356E+0
-2.13319E-1	1.27854E+2	1.19644E+2	5.80667E+0	3.48424E+0
-1.85971E-1	1.02693E+2	1.26190E+2	5.31903E+0	3.49974E+0
-1.90346E-1	1.12466E+2	1.26688E+2	5.88161E+0	3.50019E+0
-1.60810E-1	1.31902E+2	1.28631E+2	5.91782E+0	3.50109E+0
-1.89253E-1	1.04103E+2	1.28070E+2	5.36112E+0	3.51647E+0
-1.68468E-1	1.13655E+2	1.66634E+2	5.82640E+0	3.51691E+0
-1.56434E-1	9.67907E+1	1.33630E+2	5.15039E+0	3.53280E+0
-1.59716E-1	1.04739E+2	1.31248E+2	5.49194E+0	3.53317E+0
-1.82689E-1	1.13932E+2	1.31297E+2	5.64869E+0	3.53359E+0
-1.72843E-1	1.07034E+2	1.25393E+2	5.29480E+0	3.54994E+0
-1.70655E-1	1.20249E+2	1.24509E+2	5.75084E+0	3.55055E+0
-1.34555E-1	1.28861E+2	1.27065E+2	5.82584E+0	3.55095E+0
-1.58622E-1	1.00813E+2	1.29022E+2	5.24708E+0	3.56632E+0
-1.78313E-1	1.09605E+2	1.29486E+2	5.62648E+0	3.56672E+0
-1.85971E-1	1.18535E+2	1.23045E+2	6.00193E+0	3.56714E+0
-1.49871E-1	1.28626E+2	1.34345E+2	5.89235E+0	3.56760E+0
-1.49871E-1	1.01034E+2	1.33951E+2	5.45109E+0	3.58299E+0
-1.49871E-1	1.10075E+2	1.38899E+2	5.52340E+0	3.58341E+0
-1.41119E-1	1.32455E+2	1.29316E+2	6.19556E+0	3.58444E+0
-1.78313E-1	1.02962E+2	1.24502E+2	5.24318E+0	3.59974E+0
-1.93628E-1	1.11783E+2	1.29187E+2	5.68588E+0	3.60015E+0
-1.46589E-1	1.18779E+2	1.29564E+2	5.07271E+0	3.60048E+0
-1.68468E-1	1.31236E+2	1.29394E+2	6.23805E+0	3.60105E+0
-1.53152E-1	1.05907E+2	1.36100E+2	5.41470E+0	3.61654E+0
-1.71749E-1	1.18875E+2	1.60976E+2	5.62625E+0	3.61714E+0
-1.62998E-1	1.04579E+2	1.30553E+2	5.40218E+0	3.63315E+0
-1.60810E-1	1.17396E+2	1.32490E+2	5.44703E+0	3.63374E+0
-1.57528E-1	9.69061E+1	1.31081E+2	4.90090E+0	3.64946E+0
-1.69562E-1	1.05768E+2	1.28787E+2	5.14417E+0	3.64987E+0
-1.98004E-1	1.13788E+2	1.19696E+2	5.98128E+0	3.65024E+0
-2.02380E-1	1.19912E+2	1.20560E+2	5.43299E+0	3.65052E+0
-1.49871E-1	1.28706E+2	1.30313E+2	5.30949E+0	3.65093E+0
-1.56434E-1	9.80121E+1	1.30691E+2	5.08819E+0	3.66617E+0
-1.48777E-1	1.06239E+2	1.30863E+2	5.53353E+0	3.66655E+0
-1.49871E-1	1.16511E+2	1.28711E+2	5.78253E+0	3.66703E+0
-1.58622E-1	1.21433E+2	1.26879E+2	6.04598E+0	3.66726E+0
-1.79407E-1	1.33669E+2	1.26710E+2	6.74377E+0	3.66782E+0
-1.59716E-1	1.05644E+2	1.32106E+2	5.79086E+0	3.68319E+0
-1.89253E-1	1.14147E+2	1.21970E+2	6.01980E+0	3.68358E+0
-1.62998E-1	1.06456E+2	1.31595E+2	4.99689E+0	3.69989E+0
-1.93628E-1	1.15359E+2	1.27357E+2	5.97977E+0	3.70031E+0
-1.57528E-1	1.05516E+2	1.41456E+2	5.29569E+0	3.71651E+0
-2.14413E-1	1.13203E+2	1.21856E+2	5.91965E+0	3.71687E+0
-1.82689E-1	1.05239E+2	1.36355E+2	5.49665E+0	3.73317E+0
-1.52058E-1	1.17295E+2	1.29381E+2	5.93222E+0	3.73372E+0
-1.53152E-1	1.29516E+2	1.70098E+2	5.07720E+0	3.73429E+0
-1.66280E-1	1.03027E+2	1.32299E+2	5.47335E+0	3.74973E+0
-1.75031E-1	1.13203E+2	1.27356E+2	5.52675E+0	3.75020E+0
-2.02380E-1	1.21042E+2	1.21692E+2	5.39861E+0	3.75056E+0
-1.70655E-1	1.28452E+2	1.29283E+2	6.14025E+0	3.75091E+0
-1.60810E-1	9.69853E+1	1.30511E+2	5.31286E+0	3.76611E+0
-1.57528E-1	1.06414E+2	1.25665E+2	5.59550E+0	3.76655E+0
-1.62998E-1	1.15926E+2	1.26689E+2	5.63819E+0	3.76699E+0
-1.54246E-1	1.06442E+2	1.34237E+2	5.44810E+0	3.78322E+0
-1.72843E-1	1.20074E+2	1.26613E+2	5.77667E+0	3.78385E+0
-1.42213E-1	1.30277E+2	1.34009E+2	5.90229E+0	3.78432E+0
-1.54246E-1	1.01101E+2	1.34864E+2	5.42994E+0	3.79963E+0
-1.65186E-1	1.09562E+2	1.26049E+2	5.45119E+0	3.80002E+0
-1.90346E-1	1.17346E+2	1.34573E+2	6.12501E+0	3.80039E+0
-1.64092E-1	1.32525E+2	1.29806E+2	6.41891E+0	3.80109E+0
-1.60810E-1	1.03313E+2	1.36798E+2	5.45460E+0	3.81640E+0
-1.76125E-1	1.17940E+2	1.24726E+2	5.83833E+0	3.81708E+0
-1.49871E-1	1.23000E+2	1.28213E+2	6.35418E+0	3.81731E+0
-1.52058E-1	1.07198E+2	1.31327E+2	5.52813E+0	3.83324E+0
-1.77219E-1	1.27244E+2	1.44957E+2	5.30966E+0	3.83417E+0
-1.70655E-1	1.03839E+2	1.32514E+2	5.42081E+0	3.84975E+0
-1.83783E-1	1.14000E+2	1.45236E+2	5.80403E+0	3.85022E+0
-2.27541E-1	1.21700E+2	1.19510E+2	5.60139E+0	3.85058E+0
-1.62998E-1	1.31889E+2	1.24941E+2	6.33554E+0	3.85105E+0
-1.64092E-1	1.03161E+2	1.30505E+2	5.30505E+0	3.86639E+0
-1.72843E-1	1.12120E+2	1.30526E+2	5.54529E+0	3.86680E+0
-1.89253E-1	1.23332E+2	1.23567E+2	5.93609E+0	3.86732E+0
-1.57528E-1	1.28654E+2	1.25979E+2	6.63651E+0	3.86757E+0
-1.56434E-1	1.03673E+2	1.47557E+2	5.66395E+0	3.88307E+0
-1.83783E-1	1.18742E+2	1.25723E+2	5.61886E+0	3.88377E+0
-1.43307E-1	1.27562E+2	1.36237E+2	5.81753E+0	3.88418E+0
-1.49871E-1	1.03580E+2	1.34326E+2	5.34456E+0	3.89973E+0
-1.88159E-1	1.14004E+2	1.27654E+2	5.86711E+0	3.90022E+0
-2.03474E-1	1.30235E+2	1.40050E+2	5.60531E+0	3.90097E+0
-1.49871E-1	1.06096E+2	1.32592E+2	5.33165E+0	3.91651E+0
-1.92534E-1	1.15484E+2	1.27775E+2	5.76390E+0	3.91695E+0
-2.33010E-1	1.25479E+2	1.21507E+2	5.78849E+0	3.91741E+0
-1.82689E-1	1.06221E+2	1.67563E+2	5.44490E+0	3.93319E+0
-1.67374E-1	1.16438E+2	1.32491E+2	5.53774E+0	3.93366E+0
-1.77219E-1	1.25894E+2	1.25384E+2	4.97953E+0	3.93410E+0
-1.65186E-1	1.03787E+2	1.41194E+2	5.40002E+0	3.94974E+0
-1.78313E-1	1.14212E+2	1.39776E+2	5.68163E+0	3.95022E+0
-2.10037E-1	1.24069E+2	1.23753E+2	5.51757E+0	3.95068E+0
-1.77219E-1	1.02004E+2	1.27047E+2	5.08310E+0	3.96632E+0
-1.65186E-1	1.08253E+2	1.31234E+2	5.76916E+0	3.96661E+0
-2.01286E-1	1.16216E+2	1.31996E+2	5.84739E+0	3.96698E+0
-1.68468E-1	1.03414E+2	1.31498E+2	5.48029E+0	3.98305E+0
-1.85971E-1	1.15567E+2	1.29127E+2	5.70024E+0	3.98361E+0
-1.50964E-1	1.21429E+2	1.25526E+2	5.87093E+0	3.98388E+0
-1.42213E-1	1.31397E+2	1.34193E+2	5.87568E+0	3.98435E+0
-1.71749E-1	1.08825E+2	1.27656E+2	5.34281E+0	3.99997E+0
-1.96910E-1	1.16926E+2	1.20691E+2	5.85472E+0	4.00034E+0
-1.64092E-1	1.25373E+2	1.49367E+2	5.93042E+0	4.00073E+0
-1.59716E-1	1.06931E+2	1.33558E+2	5.40430E+0	4.01654E+0
-1.71749E-1	1.16401E+2	1.27959E+2	5.50215E+0	4.01698E+0
-1.81595E-1	1.26244E+2	1.23837E+2	5.12849E+0	4.01744E+0
-1.68468E-1	1.01346E+2	1.34993E+2	5.18553E+0	4.03295E+0
-1.67374E-1	1.11383E+2	1.27319E+2	5.56172E+0	4.03341E+0
-1.46589E-1	9.94800E+1	1.34167E+2	5.22134E+0	4.04952E+0
-1.65186E-1	1.10678E+2	1.88802E+2	5.48486E+0	4.05004E+0
-1.58622E-1	1.28304E+2	1.29187E+2	4.73120E+0	4.05086E+0
-1.61904E-1	1.00213E+2	1.84664E+2	5.36045E+0	4.06622E+0
-1.69562E-1	1.08701E+2	1.23649E+2	5.43503E+0	4.06662E+0
-2.07850E-1	1.15088E+2	1.30978E+2	6.18079E+0	4.06691E+0
-2.11131E-1	1.22401E+2	1.25761E+2	5.41612E+0	4.06725E+0
-1.52058E-1	1.30834E+2	1.25786E+2	5.86874E+0	4.06764E+0
-1.43307E-1	1.02964E+2	1.26918E+2	5.25067E+0	4.08302E+0
-1.65186E-1	1.13083E+2	1.25574E+2	5.45606E+0	4.08348E+0
-1.45495E-1	1.20991E+2	1.28151E+2	4.49689E+0	4.08385E+0
-1.35649E-1	1.27226E+2	1.34916E+2	5.74498E+0	4.08414E+0
-1.58622E-1	1.08166E+2	1.43467E+2	5.36454E+0	4.09992E+0
-1.75031E-1	1.18797E+2	1.23920E+2	5.75167E+0	4.10042E+0
-1.41119E-1	1.32332E+2	1.33627E+2	6.25378E+0	4.10104E+0
-1.56434E-1	1.02622E+2	1.36440E+2	5.28522E+0	4.11633E+0
-1.83783E-1	1.14221E+2	1.29021E+2	5.61278E+0	4.11687E+0
-2.07850E-1	1.24065E+2	1.19935E+2	5.38274E+0	4.11732E+0
-1.71749E-1	9.65115E+1	1.57268E+2	5.28206E+0	4.13271E+0
-1.81595E-1	1.14194E+2	1.79300E+2	5.92916E+0	4.13353E+0
-1.62998E-1	1.02359E+2	1.30230E+2	5.57810E+0	4.14965E+0
-1.65186E-1	1.11567E+2	1.28820E+2	5.75552E+0	4.15008E+0
-1.37837E-1	1.33286E+2	1.31199E+2	6.23019E+0	4.15108E+0
-1.62998E-1	1.01502E+2	1.33595E+2	5.04472E+0	4.16627E+0
-1.76125E-1	1.12645E+2	1.26902E+2	5.65429E+0	4.16678E+0
-2.24259E-1	1.24078E+2	1.22193E+2	5.49045E+0	4.16731E+0
-1.54246E-1	1.08871E+2	1.30735E+2	5.28932E+0	4.18328E+0
-1.46589E-1	1.05340E+2	1.35617E+2	5.19752E+0	4.19978E+0
-1.42213E-1	1.13566E+2	1.30793E+2	5.99225E+0	4.20016E+0
-1.80501E-1	9.60489E+1	1.31155E+2	5.19721E+0	4.21601E+0
-1.56434E-1	1.07994E+2	1.25087E+2	5.37296E+0	4.21657E+0
-1.66280E-1	1.29549E+2	1.31779E+2	4.72777E+0	4.21756E+0
-1.83783E-1	1.09833E+2	1.27571E+2	5.55850E+0	4.23332E+0
-1.80501E-1	1.08534E+2	1.31615E+2	5.42372E+0	4.24992E+0
-1.84877E-1	1.27199E+2	1.22733E+2	5.23543E+0	4.25079E+0
-1.53152E-1	1.09336E+2	1.33826E+2	5.42685E+0	4.26662E+0
-1.96910E-1	1.17991E+2	1.79641E+2	6.09735E+0	4.26702E+0
-1.55340E-1	1.02201E+2	1.29346E+2	5.31497E+0	4.28296E+0
-1.73937E-1	1.14838E+2	1.42804E+2	5.70226E+0	4.28354E+0
-1.54246E-1	1.29452E+2	1.41860E+2	6.05435E+0	4.28422E+0
-1.67374E-1	1.01688E+2	1.30923E+2	5.22409E+0	4.29960E+0
-1.79407E-1	1.11644E+2	1.33639E+2	5.65798E+0	4.30006E+0
-1.41119E-1	1.31624E+2	1.33383E+2	5.92780E+0	4.30098E+0
-1.41119E-1	1.02116E+2	1.29876E+2	5.27966E+0	4.31628E+0
-1.69562E-1	1.13635E+2	1.29586E+2	5.43314E+0	4.31681E+0
-2.36292E-1	1.24379E+2	1.21413E+2	5.57410E+0	4.31731E+0
-1.54246E-1	1.01964E+2	1.28777E+2	5.42525E+0	4.33294E+0
-1.87065E-1	1.12487E+2	1.28361E+2	5.65144E+0	4.33342E+0
-1.94722E-1	1.20742E+2	1.35319E+2	6.32578E+0	4.33381E+0
-1.61904E-1	1.03969E+2	1.82734E+2	5.16404E+0	4.34970E+0
-1.99098E-1	1.13897E+2	1.24821E+2	5.79806E+0	4.35015E+0
-2.11131E-1	1.25001E+2	1.22538E+2	5.83255E+0	4.35067E+0
-1.54246E-1	1.02033E+2	1.32530E+2	5.45176E+0	4.36627E+0
-1.62998E-1	1.20244E+2	1.28051E+2	5.72981E+0	4.36711E+0
-1.49871E-1	1.28223E+2	1.29888E+2	6.02018E+0	4.36748E+0
-1.65186E-1	9.78437E+1	1.30179E+2	5.36445E+0	4.38274E+0
-1.69562E-1	1.10510E+2	1.27111E+2	5.51249E+0	4.38333E+0
-1.76125E-1	1.19843E+2	1.29406E+2	6.03311E+0	4.38376E+0
-1.56434E-1	1.24240E+2	1.23792E+2	6.11153E+0	4.38396E+0
-1.81595E-1	1.09256E+2	1.38506E+2	5.57653E+0	4.39993E+0
-2.11131E-1	1.18811E+2	1.20523E+2	5.89281E+0	4.40037E+0
-1.57528E-1	1.27771E+2	1.26916E+2	5.86360E+0	4.40079E+0
-1.53152E-1	1.07942E+2	1.71327E+2	5.54670E+0	4.41654E+0
-1.94722E-1	1.18562E+2	1.25138E+2	5.84249E+0	4.41703E+0
-1.54246E-1	1.04181E+2	1.33329E+2	5.24734E+0	4.43303E+0
-1.65186E-1	1.17705E+2	1.32109E+2	5.67068E+0	4.43365E+0
-1.47683E-1	1.27439E+2	1.27173E+2	5.68313E+0	4.43410E+0
-1.55340E-1	1.01014E+2	1.30045E+2	5.12346E+0	4.44954E+0
-1.80501E-1	1.15174E+2	1.21102E+2	5.74800E+0	4.45020E+0
-2.19883E-1	1.21327E+2	1.41085E+2	5.85004E+0	4.45048E+0
-1.56434E-1	1.28089E+2	1.23827E+2	6.16788E+0	4.45080E+0
-1.83783E-1	1.06573E+2	1.29006E+2	5.29413E+0	4.46647E+0
-2.02380E-1	1.19765E+2	1.33653E+2	6.05161E+0	4.46708E+0
-1.78313E-1	1.02853E+2	1.28534E+2	5.31608E+0	4.48296E+0
-1.76125E-1	1.19281E+2	1.30249E+2	5.50349E+0	4.48372E+0
-1.67374E-1	1.27384E+2	1.37375E+2	5.83292E+0	4.48410E+0
-1.60810E-1	1.01479E+2	1.87638E+2	5.36089E+0	4.49956E+0
-1.93628E-1	1.13285E+2	1.31280E+2	5.87734E+0	4.50011E+0
-1.90346E-1	1.28742E+2	1.21915E+2	5.32558E+0	4.50082E+0
-1.52058E-1	1.02557E+2	1.37667E+2	5.21183E+0	4.51627E+0
-1.81595E-1	1.18484E+2	1.27397E+2	5.80180E+0	4.51701E+0
-1.44401E-1	1.30028E+2	1.48629E+2	6.00261E+0	4.51755E+0
-1.62998E-1	1.07299E+2	1.33518E+2	5.56809E+0	4.53316E+0
-1.52058E-1	1.20613E+2	1.36927E+2	5.69762E+0	4.53378E+0
-1.55340E-1	1.26489E+2	1.31724E+2	5.97667E+0	4.53405E+0
-1.69562E-1	9.99025E+1	1.30133E+2	5.35508E+0	4.54948E+0
-1.91440E-1	1.08281E+2	1.28002E+2	5.52328E+0	4.54987E+0
-1.78313E-1	1.15580E+2	1.27770E+2	5.88479E+0	4.55021E+0
-1.54246E-1	1.34189E+2	1.50418E+2	7.16198E+0	4.55107E+0
-1.49871E-1	1.01313E+2	1.30989E+2	5.20620E+0	4.56621E+0
-1.87065E-1	1.14530E+2	1.26701E+2	5.95360E+0	4.56682E+0
-1.61904E-1	1.17958E+2	1.29781E+2	5.96529E+0	4.56698E+0
-1.69562E-1	1.25231E+2	1.24729E+2	5.99422E+0	4.56732E+0
-1.65186E-1	1.02778E+2	1.30521E+2	5.22327E+0	4.58294E+0
-1.66280E-1	1.16935E+2	1.37219E+2	5.64407E+0	4.58360E+0
-2.02380E-1	1.24166E+2	1.25857E+2	5.32234E+0	4.58393E+0
-1.68468E-1	1.00278E+2	1.34023E+2	5.09054E+0	4.59949E+0
-1.89253E-1	1.11876E+2	1.60625E+2	5.57438E+0	4.60003E+0
-1.56434E-1	1.32031E+2	1.32139E+2	6.02485E+0	4.60096E+0
-1.73937E-1	1.04080E+2	1.35040E+2	5.54811E+0	4.61633E+0
-1.49871E-1	1.14544E+2	1.32319E+2	5.49146E+0	4.61681E+0
-1.59716E-1	1.31686E+2	1.32313E+2	6.09629E+0	4.61761E+0
-1.58622E-1	1.03140E+2	1.84278E+2	5.03763E+0	4.63295E+0
-1.73937E-1	1.11171E+2	1.37324E+2	5.71747E+0	4.63332E+0
-1.95816E-1	1.22133E+2	1.31489E+2	6.16232E+0	4.63383E+0
-1.58622E-1	1.32570E+2	1.32306E+2	6.41190E+0	4.63431E+0
-1.52058E-1	1.03706E+2	1.35996E+2	5.34126E+0	4.64964E+0
-1.56434E-1	1.14157E+2	1.24404E+2	5.72794E+0	4.65013E+0
-1.47683E-1	1.30082E+2	1.30312E+2	5.84212E+0	4.65086E+0
-1.67374E-1	1.05835E+2	1.28508E+2	5.48882E+0	4.66640E+0
-1.89253E-1	1.16770E+2	1.28102E+2	5.62536E+0	4.66691E+0
-1.76125E-1	1.25313E+2	1.30398E+2	6.05375E+0	4.66730E+0
-1.54246E-1	1.02545E+2	1.33372E+2	5.38822E+0	4.68292E+0
-1.70655E-1	1.20516E+2	1.30115E+2	6.07326E+0	4.68375E+0
-1.62998E-1	1.02326E+2	1.31733E+2	5.38919E+0	4.69957E+0
-1.59716E-1	1.11935E+2	1.27730E+2	5.60680E+0	4.70002E+0
-1.83783E-1	1.07455E+2	1.35938E+2	5.49028E+0	4.71647E+0
-1.65186E-1	1.00763E+2	1.32067E+2	5.04618E+0	4.73283E+0
-1.71749E-1	1.14548E+2	1.29374E+2	5.51884E+0	4.73347E+0
-1.52058E-1	1.07331E+2	1.29383E+2	5.58609E+0	4.74979E+0
-1.87065E-1	1.19429E+2	1.23028E+2	5.76957E+0	4.75035E+0
-1.58622E-1	1.25429E+2	1.28413E+2	5.96092E+0	4.75063E+0
-1.76125E-1	1.03349E+2	1.25201E+2	5.14936E+0	4.76627E+0
-1.78313E-1	1.14396E+2	1.23333E+2	5.70567E+0	4.76679E+0
-1.66280E-1	1.18322E+2	1.68431E+2	6.34133E+0	4.76697E+0
-1.47683E-1	1.29383E+2	1.85712E+2	6.07377E+0	4.76748E+0
-1.53152E-1	1.05395E+2	1.37082E+2	5.22238E+0	4.78303E+0
-1.68468E-1	1.14977E+2	1.57004E+2	5.80938E+0	4.78347E+0
-2.23165E-1	1.21945E+2	1.24812E+2	5.70722E+0	4.78380E+0
-1.67374E-1	1.08001E+2	1.26546E+2	5.43521E+0	4.79982E+0
-1.81595E-1	1.14487E+2	1.28766E+2	5.86881E+0	4.80012E+0
-2.04568E-1	1.26974E+2	1.21084E+2	5.39663E+0	4.80069E+0
-1.69562E-1	1.04392E+2	1.32618E+2	5.03811E+0	4.81631E+0
-1.96910E-1	1.13948E+2	1.26205E+2	5.88253E+0	4.81675E+0
-1.71749E-1	1.17626E+2	1.27575E+2	6.17467E+0	4.81692E+0
-1.67374E-1	1.28440E+2	1.37687E+2	4.97902E+0	4.81743E+0
-1.54246E-1	1.05720E+2	1.25851E+2	5.27014E+0	4.83304E+0
-2.02380E-1	1.17059E+2	1.24738E+2	5.93370E+0	4.83357E+0
-1.66280E-1	1.22881E+2	1.30434E+2	5.68970E+0	4.83384E+0
-1.62998E-1	1.32381E+2	1.28150E+2	6.31673E+0	4.83427E+0
-1.75031E-1	1.04779E+2	1.38815E+2	5.22053E+0	4.84966E+0
-1.75031E-1	1.11265E+2	1.30345E+2	5.86251E+0	4.84996E+0
-1.91440E-1	1.28966E+2	1.31676E+2	5.28887E+0	4.85078E+0
-1.70655E-1	1.04116E+2	1.30830E+2	5.18401E+0	4.86629E+0
-1.82689E-1	1.12938E+2	1.29496E+2	5.74502E+0	4.86670E+0
-1.91440E-1	1.21194E+2	1.21565E+2	6.08453E+0	4.86708E+0
-1.40025E-1	1.26476E+2	1.34966E+2	5.75701E+0	4.86732E+0
-1.58622E-1	1.03963E+2	1.32404E+2	5.30112E+0	4.88295E+0
-1.89253E-1	1.10670E+2	1.24150E+2	5.76512E+0	4.88326E+0
-1.55340E-1	1.31469E+2	1.37591E+2	6.18248E+0	4.88422E+0
-1.82689E-1	1.11031E+2	1.37914E+2	5.47240E+0	4.89994E+0
-2.15507E-1	1.17488E+2	1.22574E+2	5.41441E+0	4.90024E+0
-1.53152E-1	9.96927E+1	1.29179E+2	5.02558E+0	4.91608E+0
-1.76125E-1	1.08321E+2	1.26980E+2	5.56128E+0	4.91647E+0
-1.81595E-1	1.14930E+2	1.28906E+2	5.90426E+0	4.91678E+0
-2.15507E-1	1.26171E+2	1.57805E+2	5.55458E+0	4.91730E+0
-1.69562E-1	1.02776E+2	1.67774E+2	5.21876E+0	4.93289E+0
-1.78313E-1	1.16009E+2	1.41573E+2	5.68229E+0	4.93350E+0
-2.02380E-1	1.25411E+2	1.22111E+2	5.60306E+0	4.93393E+0
-1.68468E-1	1.03177E+2	1.30374E+2	5.18426E+0	4.94957E+0
-1.93628E-1	1.11114E+2	1.26575E+2	5.56054E+0	4.94994E+0
-1.77219E-1	1.07132E+2	1.31267E+2	5.29071E+0	4.96642E+0
-1.91440E-1	1.17046E+2	1.52300E+2	5.77972E+0	4.96688E+0
-1.80501E-1	1.27112E+2	1.26672E+2	5.09197E+0	4.96734E+0
-1.58622E-1	1.03011E+2	1.33298E+2	5.26453E+0	4.98289E+0
-1.93628E-1	1.13630E+2	1.45542E+2	5.72885E+0	4.98338E+0
-2.29729E-1	1.23530E+2	1.23765E+2	5.60915E+0	4.98384E+0
-1.71749E-1	1.31578E+2	1.25214E+2	6.61017E+0	4.98421E+0
-1.68468E-1	1.07488E+2	1.32884E+2	5.26179E+0	4.99976E+0
-2.01286E-1	1.21327E+2	1.28797E+2	6.18922E+0	5.00040E+0
-1.77219E-1	1.07184E+2	1.30552E+2	5.39161E+0	5.01641E+0
-2.25353E-1	1.13281E+2	1.19894E+2	5.43236E+0	5.01669E+0
-1.84877E-1	1.22226E+2	1.30779E+2	5.92722E+0	5.01711E+0
-1.76125E-1	1.27977E+2	1.41104E+2	6.46887E+0	5.01737E+0
-1.60810E-1	9.98018E+1	1.30437E+2	5.32956E+0	5.03273E+0
-1.76125E-1	1.16018E+2	1.27818E+2	5.65378E+0	5.03348E+0
-1.68468E-1	1.21493E+2	1.26285E+2	6.45040E+0	5.03373E+0
-1.52058E-1	1.30908E+2	1.96113E+2	6.37501E+0	5.03417E+0
-1.53152E-1	1.02152E+2	1.57845E+2	5.46073E+0	5.04950E+0
-1.45495E-1	1.10959E+2	1.27626E+2	5.57176E+0	5.04991E+0
-1.61904E-1	1.00604E+2	1.29062E+2	5.16006E+0	5.06610E+0
-1.75031E-1	1.09825E+2	1.71427E+2	5.62331E+0	5.06652E+0
-2.34104E-1	1.20235E+2	1.64209E+2	5.61162E+0	5.06700E+0
-1.73937E-1	1.28184E+2	1.26971E+2	6.13830E+0	5.06737E+0
-1.55340E-1	1.07862E+2	1.32806E+2	5.48199E+0	5.08310E+0
-1.81595E-1	1.24272E+2	1.21102E+2	5.92242E+0	5.08386E+0
-1.87065E-1	1.30631E+2	1.26442E+2	6.44174E+0	5.08415E+0
-1.62998E-1	1.01741E+2	1.32638E+2	5.34077E+0	5.09948E+0
-1.56434E-1	1.14654E+2	1.70593E+2	5.58438E+0	5.10008E+0
-1.54246E-1	1.28175E+2	1.28696E+2	4.65824E+0	5.10070E+0
-1.66280E-1	1.02515E+2	1.39085E+2	5.31435E+0	5.11618E+0
-1.71749E-1	1.14267E+2	1.28508E+2	5.79477E+0	5.11672E+0
-1.69562E-1	1.19410E+2	1.30072E+2	5.61196E+0	5.11696E+0
-1.45495E-1	1.27885E+2	1.32329E+2	5.60983E+0	5.11735E+0
-1.53152E-1	1.04354E+2	1.45347E+2	5.62282E+0	5.13293E+0
-1.45495E-1	1.14502E+2	1.32170E+2	5.56130E+0	5.13340E+0
-1.70655E-1	1.20544E+2	1.30744E+2	5.84692E+0	5.13368E+0
-1.79407E-1	1.03884E+2	1.26183E+2	5.21339E+0	5.14957E+0
-1.79407E-1	1.10617E+2	1.23671E+2	5.69714E+0	5.14988E+0
-1.77219E-1	1.21926E+2	1.24931E+2	5.89450E+0	5.15040E+0
-1.58622E-1	1.26696E+2	1.31070E+2	6.35508E+0	5.15062E+0
-1.49871E-1	1.01575E+2	1.32598E+2	5.58439E+0	5.16613E+0
-1.76125E-1	1.13756E+2	1.30416E+2	5.72500E+0	5.16669E+0
-1.65186E-1	1.07741E+2	1.24989E+2	5.49088E+0	5.18307E+0
-1.72843E-1	1.28424E+2	1.28880E+2	4.73395E+0	5.18403E+0
-1.76125E-1	1.07245E+2	1.24288E+2	5.51105E+0	5.19972E+0
-1.89253E-1	1.18263E+2	1.26550E+2	5.70403E+0	5.20023E+0
-1.67374E-1	1.22838E+2	1.63056E+2	6.20395E+0	5.20044E+0
-1.46589E-1	1.30635E+2	1.29512E+2	6.41223E+0	5.20080E+0
-1.52058E-1	1.02338E+2	1.68445E+2	5.37890E+0	5.21615E+0
-1.47683E-1	1.12180E+2	1.32197E+2	5.67408E+0	5.21661E+0
-2.39574E-1	1.25202E+2	1.23602E+2	5.68842E+0	5.21721E+0
-1.59716E-1	1.05559E+2	1.33925E+2	5.47721E+0	5.23296E+0
-1.73937E-1	1.15498E+2	1.25277E+2	5.64787E+0	5.23342E+0
-1.67374E-1	1.02172E+2	1.46913E+2	5.29991E+0	5.24947E+0
-1.78313E-1	1.11849E+2	1.32369E+2	5.57089E+0	5.24992E+0
-1.75031E-1	1.18705E+2	1.20535E+2	4.91023E+0	5.25024E+0
-1.59716E-1	1.29073E+2	1.45992E+2	6.01809E+0	5.25072E+0
-1.59716E-1	1.06706E+2	1.29821E+2	5.18097E+0	5.26635E+0
-1.75031E-1	1.20668E+2	1.26061E+2	5.50868E+0	5.26699E+0
-1.52058E-1	1.28244E+2	1.28831E+2	5.96065E+0	5.26734E+0
-1.82689E-1	1.07356E+2	1.27047E+2	5.34881E+0	5.28303E+0
-1.77219E-1	1.16715E+2	1.23040E+2	5.97032E+0	5.28347E+0
-1.40025E-1	1.02253E+2	1.32098E+2	5.28643E+0	5.29946E+0
-1.80501E-1	1.12293E+2	1.27860E+2	5.56655E+0	5.29993E+0
-2.11131E-1	1.28943E+2	1.25822E+2	5.75461E+0	5.30070E+0
-1.52058E-1	9.68039E+1	1.29166E+2	5.33147E+0	5.31588E+0
-1.78313E-1	1.10827E+2	1.25821E+2	5.46110E+0	5.31653E+0
-1.82689E-1	1.19843E+2	1.34512E+2	6.13812E+0	5.31694E+0
-1.56434E-1	1.01022E+2	1.29835E+2	5.24770E+0	5.33274E+0
-1.64092E-1	1.12666E+2	1.24428E+2	5.45445E+0	5.33327E+0
-1.59716E-1	1.31736E+2	1.26236E+2	6.04576E+0	5.33416E+0
-1.87065E-1	1.02543E+2	1.42362E+2	5.41895E+0	5.34947E+0
-1.80501E-1	1.11214E+2	1.24980E+2	5.70637E+0	5.34987E+0
-1.77219E-1	1.25900E+2	1.22875E+2	6.21209E+0	5.35055E+0
-1.48777E-1	1.05585E+2	1.32224E+2	5.51562E+0	5.36627E+0
-1.89253E-1	1.15791E+2	1.20712E+2	5.85544E+0	5.36674E+0
-2.11131E-1	1.24061E+2	1.27234E+2	5.20481E+0	5.36713E+0
-1.57528E-1	1.02778E+2	1.30579E+2	5.23077E+0	5.38281E+0
-1.65186E-1	1.16732E+2	1.24568E+2	5.71135E+0	5.38345E+0
-1.62998E-1	1.30851E+2	1.29910E+2	6.04990E+0	5.38411E+0
-1.76125E-1	1.06268E+2	1.26720E+2	5.28767E+0	5.39963E+0
-1.91440E-1	1.24322E+2	1.23140E+2	5.98603E+0	5.40047E+0
-1.56434E-1	1.04941E+2	1.28106E+2	5.35891E+0	5.41623E+0
-2.02380E-1	1.12530E+2	1.24534E+2	5.95572E+0	5.41658E+0
-1.59716E-1	1.03531E+2	1.31965E+2	5.25513E+0	5.43283E+0
-1.70655E-1	1.14618E+2	1.23422E+2	5.49692E+0	5.43335E+0
-1.84877E-1	1.23686E+2	1.26043E+2	5.10886E+0	5.43377E+0
-1.37837E-1	1.30820E+2	1.32156E+2	6.39125E+0	5.43410E+0
-1.62998E-1	1.06213E+2	1.31494E+2	5.39261E+0	5.44962E+0
-1.94722E-1	1.17493E+2	1.25031E+2	5.81783E+0	5.45015E+0
-1.79407E-1	1.26355E+2	1.25674E+2	5.06736E+0	5.45056E+0
-1.62998E-1	1.06199E+2	1.30295E+2	5.33117E+0	5.46629E+0
-1.65186E-1	1.18710E+2	1.76127E+2	5.67777E+0	5.46686E+0
-1.54246E-1	1.07871E+2	1.29030E+2	5.27469E+0	5.48303E+0
-1.71749E-1	1.19235E+2	1.27799E+2	5.79564E+0	5.48355E+0
-1.56434E-1	1.30682E+2	1.24421E+2	5.81786E+0	5.48408E+0
-1.65186E-1	1.04759E+2	1.25823E+2	5.44538E+0	5.49955E+0
-1.96910E-1	1.15585E+2	1.67214E+2	5.71187E+0	5.50005E+0
-2.29729E-1	1.25235E+2	1.18030E+2	5.98480E+0	5.50050E+0
-1.52058E-1	1.03487E+2	1.34750E+2	5.15616E+0	5.51615E+0
-1.88159E-1	1.12156E+2	1.25048E+2	5.67540E+0	5.51655E+0
-1.61904E-1	1.03404E+2	1.61748E+2	5.21897E+0	5.53281E+0
-1.62998E-1	1.11161E+2	1.31376E+2	5.69140E+0	5.53317E+0
-1.73937E-1	1.05409E+2	1.26503E+2	5.34727E+0	5.54957E+0
-1.93628E-1	1.17009E+2	1.24396E+2	5.86996E+0	5.55011E+0
-1.67374E-1	1.24364E+2	1.22753E+2	4.87459E+0	5.55045E+0
-1.56434E-1	1.04801E+2	1.33991E+2	5.31094E+0	5.56621E+0
-1.76125E-1	1.15295E+2	1.29839E+2	5.57320E+0	5.56669E+0
-1.62998E-1	1.02298E+2	1.39829E+2	5.05863E+0	5.58275E+0
-1.77219E-1	1.14119E+2	1.34106E+2	5.60882E+0	5.58330E+0
-1.79407E-1	1.03734E+2	1.31582E+2	5.21582E+0	5.59948E+0
-1.48777E-1	1.04052E+2	1.36878E+2	5.39782E+0	5.61617E+0
-1.79407E-1	1.13870E+2	1.30452E+2	5.75460E+0	5.61662E+0
-1.56434E-1	1.33795E+2	1.33788E+2	6.47731E+0	5.61754E+0
-1.56434E-1	9.70555E+1	1.30919E+2	5.26604E+0	5.63250E+0
-1.71749E-1	1.06666E+2	1.33292E+2	5.60836E+0	5.63295E+0
-1.58622E-1	1.19829E+2	1.25600E+2	5.64962E+0	5.63356E+0
-1.56434E-1	1.33159E+2	1.31609E+2	6.35749E+0	5.63417E+0
-1.49871E-1	1.01314E+2	1.35124E+2	5.38241E+0	5.64936E+0
-1.59716E-1	1.13801E+2	1.28475E+2	5.47904E+0	5.64994E+0
-1.71749E-1	1.04965E+2	1.26249E+2	5.27591E+0	5.66619E+0
-1.76125E-1	1.14547E+2	1.30556E+2	5.93952E+0	5.66664E+0
-1.54246E-1	1.26729E+2	1.30324E+2	4.57157E+0	5.66720E+0
-1.49871E-1	1.05089E+2	1.32073E+2	5.24392E+0	5.68286E+0
-1.98004E-1	1.16082E+2	1.22245E+2	5.78623E+0	5.68337E+0
-1.59716E-1	9.92426E+1	1.35216E+2	5.02274E+0	5.69926E+0
-1.64092E-1	1.13511E+2	1.23164E+2	5.47105E+0	5.69992E+0
-2.26447E-1	1.24143E+2	1.58050E+2	5.76168E+0	5.70041E+0
-1.60810E-1	1.01911E+2	1.32518E+2	5.16063E+0	5.71605E+0
-1.62998E-1	1.10608E+2	1.28743E+2	5.48685E+0	5.71645E+0
-2.26447E-1	1.25470E+2	1.25874E+2	5.65365E+0	5.71714E+0
-1.45495E-1	1.04192E+2	1.32307E+2	5.38938E+0	5.73282E+0
-1.85971E-1	1.11437E+2	1.25479E+2	5.69881E+0	5.73315E+0
-1.46589E-1	1.31927E+2	1.27274E+2	5.76530E+0	5.73410E+0
-1.59716E-1	1.01883E+2	1.51189E+2	5.26470E+0	5.74937E+0
-1.71749E-1	1.11409E+2	1.28898E+2	5.56005E+0	5.74981E+0
-1.76125E-1	1.29342E+2	1.71478E+2	4.94034E+0	5.75064E+0
-1.79407E-1	1.06778E+2	1.26316E+2	5.36466E+0	5.76626E+0
-1.82689E-1	1.17147E+2	1.28363E+2	5.76996E+0	5.76674E+0
-1.41119E-1	1.29038E+2	1.35914E+2	5.90129E+0	5.76729E+0
-1.81595E-1	1.15198E+2	1.34306E+2	5.85049E+0	5.78332E+0
-1.53152E-1	1.30641E+2	1.31043E+2	6.15285E+0	5.78403E+0
-1.72843E-1	1.02039E+2	1.28522E+2	5.24327E+0	5.79937E+0
-1.87065E-1	1.15161E+2	1.28415E+2	5.63290E+0	5.79998E+0
-2.12225E-1	1.24397E+2	1.20271E+2	5.36830E+0	5.80041E+0
-1.56434E-1	1.04238E+2	1.30727E+2	5.14336E+0	5.81613E+0
-1.85971E-1	1.11262E+2	1.26045E+2	5.84592E+0	5.81646E+0
-1.79407E-1	1.24397E+2	1.24977E+2	5.04132E+0	5.81707E+0
-1.53152E-1	1.02191E+2	1.29767E+2	5.25865E+0	5.83270E+0
-1.55340E-1	1.09160E+2	1.34793E+2	5.45119E+0	5.83303E+0
-1.93628E-1	1.21396E+2	1.25929E+2	6.19721E+0	5.83359E+0
-1.43307E-1	1.28586E+2	1.29946E+2	6.13487E+0	5.83393E+0
-1.64092E-1	1.04224E+2	1.31432E+2	5.48068E+0	5.84946E+0
-1.71749E-1	1.16129E+2	1.27793E+2	5.61912E+0	5.85002E+0
-1.69562E-1	9.89285E+1	1.34474E+2	4.99336E+0	5.86588E+0
-1.58622E-1	1.15216E+2	1.32337E+2	5.66750E+0	5.86663E+0
-1.56434E-1	1.31600E+2	1.34678E+2	6.12863E+0	5.86739E+0
-1.67374E-1	1.00837E+2	1.27872E+2	5.12788E+0	5.88263E+0
-1.87065E-1	1.10460E+2	1.80044E+2	5.82650E+0	5.88308E+0
-1.41119E-1	1.15990E+2	1.28626E+2	5.58653E+0	5.88333E+0
-1.58622E-1	1.09958E+2	1.28765E+2	5.66212E+0	5.89972E+0
-1.77219E-1	1.20300E+2	1.25653E+2	5.90656E+0	5.90020E+0
-1.69562E-1	1.26106E+2	1.26333E+2	6.21224E+0	5.90047E+0
-1.54246E-1	1.02989E+2	1.50986E+2	5.38924E+0	5.91606E+0
-1.71749E-1	1.15295E+2	1.77126E+2	5.72680E+0	5.91663E+0
-1.65186E-1	1.21129E+2	1.24466E+2	4.85579E+0	5.91690E+0
-1.72843E-1	1.29093E+2	1.22336E+2	6.19312E+0	5.91727E+0
-1.53152E-1	1.06487E+2	1.80981E+2	5.42668E+0	5.93289E+0
-1.88159E-1	1.15792E+2	1.28040E+2	5.75528E+0	5.93332E+0
-1.64092E-1	9.86343E+1	1.34563E+2	5.27793E+0	5.94919E+0
-1.73937E-1	1.08091E+2	1.27809E+2	5.54990E+0	5.94962E+0
-1.54246E-1	1.18834E+2	1.36370E+2	5.72859E+0	5.95012E+0
-1.59716E-1	1.28319E+2	1.29163E+2	5.72672E+0	5.95056E+0
-1.71749E-1	1.03252E+2	1.41564E+2	5.31565E+0	5.96606E+0
-1.79407E-1	1.13027E+2	1.26710E+2	5.84395E+0	5.96651E+0
-2.19883E-1	1.21502E+2	1.24140E+2	5.70871E+0	5.96691E+0
-1.70655E-1	1.06750E+2	1.54004E+2	5.33081E+0	5.98289E+0
-1.93628E-1	1.22857E+2	1.27093E+2	5.91607E+0	5.98363E+0
-1.76125E-1	1.28125E+2	1.27168E+2	6.59934E+0	5.98388E+0
-1.75031E-1	1.05295E+2	1.26968E+2	5.31542E+0	5.99948E+0
-1.76125E-1	1.17714E+2	1.27443E+2	5.76796E+0	6.00006E+0
-1.46589E-1	1.22291E+2	1.31334E+2	5.91502E+0	6.00027E+0
-1.53152E-1	1.01907E+2	1.30784E+2	5.18373E+0	6.01599E+0
-1.71749E-1	1.14809E+2	1.70921E+2	5.72138E+0	6.01659E+0
-1.60810E-1	1.34392E+2	1.26637E+2	6.56158E+0	6.01749E+0
-1.61904E-1	1.01492E+2	1.30599E+2	5.30095E+0	6.03263E+0
-1.45495E-1	1.10467E+2	1.31555E+2	5.64122E+0	6.03305E+0
-1.80501E-1	1.18087E+2	1.22092E+2	6.04715E+0	6.03340E+0
-1.55340E-1	1.31529E+2	1.32058E+2	6.05885E+0	6.03402E+0
-1.73937E-1	1.08116E+2	1.29102E+2	5.23722E+0	6.04961E+0
-1.91440E-1	1.16994E+2	1.27844E+2	5.94957E+0	6.05002E+0
-1.68468E-1	1.23259E+2	1.27892E+2	6.11668E+0	6.05031E+0
-1.53152E-1	1.29759E+2	1.22902E+2	6.29068E+0	6.05061E+0
-1.68468E-1	1.09084E+2	1.27235E+2	5.40148E+0	6.06632E+0
-1.77219E-1	1.21447E+2	1.26049E+2	5.99741E+0	6.06689E+0
-1.50964E-1	1.29095E+2	1.37175E+2	6.22336E+0	6.06724E+0
-1.60810E-1	9.92794E+1	1.30131E+2	5.11738E+0	6.08253E+0
-1.49871E-1	1.07010E+2	1.30897E+2	5.49673E+0	6.08288E+0
-1.69562E-1	1.20313E+2	1.62250E+2	5.79987E+0	6.08350E+0
-1.61904E-1	1.32538E+2	1.26060E+2	6.12271E+0	6.08406E+0
-1.61904E-1	1.00171E+2	1.45987E+2	5.47052E+0	6.09923E+0
-1.67374E-1	1.10459E+2	1.30936E+2	5.30327E+0	6.09970E+0
-1.62998E-1	1.15713E+2	1.25070E+2	5.80534E+0	6.09995E+0
-2.30822E-1	1.27135E+2	1.20287E+2	5.87114E+0	6.10048E+0
-1.66280E-1	1.05010E+2	1.62533E+2	5.25532E+0	6.11611E+0
-1.72843E-1	1.19032E+2	1.21886E+2	5.98465E+0	6.11676E+0
-1.55340E-1	1.29292E+2	2.00346E+2	5.91175E+0	6.11724E+0
-1.59716E-1	1.03254E+2	1.26806E+2	5.05177E+0	6.13270E+0
-1.79407E-1	1.11385E+2	1.25740E+2	5.50582E+0	6.13308E+0
-2.12225E-1	1.20138E+2	1.20021E+2	6.23566E+0	6.13348E+0
-1.58622E-1	1.32238E+2	1.28277E+2	6.48647E+0	6.13404E+0
-1.47683E-1	9.75432E+1	1.37175E+2	5.31863E+0	6.14910E+0
-1.84877E-1	1.09297E+2	1.30219E+2	5.40000E+0	6.14964E+0
-1.80501E-1	1.30274E+2	1.23091E+2	5.43444E+0	6.15061E+0
-1.54246E-1	1.01484E+2	1.29190E+2	5.29655E+0	6.16595E+0
-1.72843E-1	1.12464E+2	1.25417E+2	5.63108E+0	6.16645E+0
-2.12225E-1	1.22890E+2	1.20546E+2	5.11564E+0	6.16694E+0
-1.70655E-1	1.05674E+2	1.27972E+2	5.44124E+0	6.18280E+0
-1.37837E-1	1.29140E+2	1.27959E+2	4.47942E+0	6.18389E+0
-1.67374E-1	1.06374E+2	1.26653E+2	5.40475E+0	6.19950E+0
-1.75031E-1	1.21525E+2	1.24784E+2	5.68200E+0	6.20020E+0
-1.55340E-1	1.26751E+2	1.30614E+2	6.02450E+0	6.20044E+0
-1.48777E-1	1.06775E+2	1.28120E+2	5.31015E+0	6.21618E+0
-1.75031E-1	1.22064E+2	1.27370E+2	5.71527E+0	6.21689E+0
-1.38931E-1	1.30428E+2	1.24844E+2	6.10626E+0	6.21728E+0
-1.50964E-1	1.01909E+2	1.34297E+2	5.15871E+0	6.23262E+0
-1.77219E-1	1.12415E+2	1.28295E+2	5.56475E+0	6.23311E+0
-2.27541E-1	1.21981E+2	1.23764E+2	5.57325E+0	6.23355E+0
-1.70655E-1	1.28230E+2	1.26968E+2	6.23908E+0	6.23384E+0
-1.58622E-1	1.01439E+2	1.36939E+2	5.41947E+0	6.24926E+0
-1.54246E-1	1.11116E+2	1.34982E+2	5.66557E+0	6.24971E+0
-1.76125E-1	1.17710E+2	1.25176E+2	5.01726E+0	6.25002E+0
-1.42213E-1	1.28133E+2	1.37801E+2	5.88868E+0	6.25050E+0
-1.71749E-1	1.01826E+2	1.27828E+2	5.30317E+0	6.26594E+0
-1.64092E-1	1.09001E+2	1.25777E+2	5.56993E+0	6.26628E+0
-1.84877E-1	1.19935E+2	1.24117E+2	6.13872E+0	6.26678E+0
-1.53152E-1	1.30690E+2	1.34040E+2	6.23661E+0	6.26728E+0
-1.76125E-1	1.13729E+2	1.27718E+2	5.47313E+0	6.28316E+0
-1.96910E-1	1.27884E+2	1.36404E+2	5.59856E+0	6.28382E+0
-1.76125E-1	1.01826E+2	1.26611E+2	5.29514E+0	6.29928E+0
-1.88159E-1	1.13383E+2	1.32561E+2	5.65893E+0	6.29981E+0
-1.98004E-1	1.21954E+2	1.21910E+2	5.15390E+0	6.30021E+0
-1.66280E-1	1.05669E+2	1.33844E+2	5.63359E+0	6.31612E+0
-1.71749E-1	1.19935E+2	1.25134E+2	5.76474E+0	6.31678E+0
-1.78313E-1	1.32681E+2	1.54907E+2	6.32617E+0	6.31737E+0
-1.60810E-1	9.91583E+1	1.90129E+2	5.08945E+0	6.33248E+0
-1.70655E-1	1.07867E+2	1.30701E+2	5.42704E+0	6.33288E+0
-1.53152E-1	1.30483E+2	1.28212E+2	4.84253E+0	6.33393E+0
-1.67374E-1	1.04066E+2	1.32808E+2	5.48966E+0	6.34937E+0
-1.53152E-1	1.33455E+2	1.44605E+2	6.51998E+0	6.35073E+0
-1.66280E-1	9.79141E+1	1.34419E+2	5.09410E+0	6.36575E+0
-1.68468E-1	1.07231E+2	1.31457E+2	5.46354E+0	6.36618E+0
-1.59716E-1	1.19355E+2	1.34084E+2	5.45538E+0	6.36674E+0
-1.60810E-1	1.31644E+2	1.57396E+2	6.25143E+0	6.36731E+0
-1.61904E-1	1.14724E+2	1.32481E+2	5.50953E+0	6.38319E+0
-1.92534E-1	1.22120E+2	1.56212E+2	5.35889E+0	6.38353E+0
-1.58622E-1	1.04206E+2	1.28625E+2	5.27924E+0	6.39937E+0
-1.65186E-1	1.13428E+2	1.28437E+2	5.73028E+0	6.39980E+0
-2.20977E-1	1.24281E+2	1.20703E+2	5.67282E+0	6.40030E+0
-1.61904E-1	1.02450E+2	1.26954E+2	5.32891E+0	6.41595E+0
-1.68468E-1	1.10649E+2	1.26735E+2	5.88250E+0	6.41633E+0
-2.38480E-1	1.24572E+2	1.23559E+2	5.69086E+0	6.41698E+0
-1.41119E-1	1.01607E+2	1.31522E+2	5.36524E+0	6.43258E+0
-1.62998E-1	1.14603E+2	1.29684E+2	5.51160E+0	6.43318E+0
-1.36743E-1	1.04289E+2	1.51089E+2	5.58952E+0	6.44936E+0
-1.64092E-1	1.15502E+2	1.27658E+2	5.64022E+0	6.44988E+0
-1.58622E-1	1.19954E+2	1.25428E+2	5.97319E+0	6.45009E+0
-1.38931E-1	1.32536E+2	1.40070E+2	6.05845E+0	6.45067E+0
-1.80501E-1	1.08700E+2	1.27205E+2	6.06776E+0	6.46624E+0
-1.90346E-1	1.19705E+2	1.26849E+2	5.83750E+0	6.46675E+0
-1.68468E-1	1.01897E+2	1.27177E+2	5.10531E+0	6.48258E+0
-1.89253E-1	1.11327E+2	1.27358E+2	5.76258E+0	6.48302E+0
-2.04568E-1	1.27558E+2	1.22709E+2	5.28542E+0	6.48377E+0
-1.64092E-1	1.03146E+2	1.66011E+2	5.20489E+0	6.49931E+0
-1.65186E-1	1.18686E+2	1.28769E+2	5.58246E+0	6.50003E+0
-1.47683E-1	1.27411E+2	1.25141E+2	5.88530E+0	6.50043E+0
-1.92534E-1	1.07501E+2	1.25694E+2	5.56186E+0	6.51617E+0
-1.76125E-1	1.16668E+2	1.25153E+2	5.56669E+0	6.51660E+0
-1.61904E-1	1.24660E+2	1.46075E+2	5.98238E+0	6.51697E+0
-1.79407E-1	1.01334E+2	1.25100E+2	5.43521E+0	6.53255E+0
-1.90346E-1	1.11925E+2	1.24584E+2	5.47296E+0	6.53304E+0
-1.99098E-1	1.23553E+2	1.27884E+2	5.27415E+0	6.53358E+0
-1.72843E-1	1.03712E+2	1.31911E+2	5.22132E+0	6.54932E+0
-1.77219E-1	1.10695E+2	1.25517E+2	5.79189E+0	6.54965E+0
-1.41119E-1	1.31172E+2	1.36681E+2	6.03498E+0	6.55060E+0
-1.55340E-1	1.04307E+2	1.28970E+2	5.37179E+0	6.56602E+0
-1.71749E-1	1.14898E+2	1.27319E+2	5.44822E+0	6.56651E+0
-1.78313E-1	1.29388E+2	1.24610E+2	4.96406E+0	6.56718E+0
-1.61904E-1	9.72831E+1	1.58207E+2	4.06360E+0	6.58236E+0
-1.75031E-1	1.08579E+2	1.31563E+2	5.63367E+0	6.58288E+0
-1.89253E-1	1.19115E+2	1.33850E+2	5.77404E+0	6.58337E+0
-1.58622E-1	1.29001E+2	1.26273E+2	5.82883E+0	6.58383E+0
-1.65186E-1	1.10228E+2	1.32167E+2	5.24469E+0	6.59962E+0
-2.06756E-1	1.18470E+2	1.23328E+2	6.14409E+0	6.60000E+0
-1.70655E-1	1.05443E+2	1.31496E+2	5.19556E+0	6.61606E+0
-1.75031E-1	1.04572E+2	1.34205E+2	5.20239E+0	6.63269E+0
-1.77219E-1	1.15261E+2	1.29411E+2	5.53382E+0	6.63318E+0
-1.57528E-1	1.03369E+2	1.34869E+2	5.19869E+0	6.64929E+0
-1.69562E-1	1.12537E+2	1.24658E+2	5.71971E+0	6.64972E+0
-1.55340E-1	1.00907E+2	1.26089E+2	5.02816E+0	6.66584E+0
-1.79407E-1	1.10504E+2	1.81382E+2	5.78465E+0	6.66629E+0
-1.84877E-1	1.22051E+2	1.29749E+2	5.98642E+0	6.66682E+0
-1.46589E-1	1.31621E+2	1.38477E+2	6.03038E+0	6.66726E+0
-1.54246E-1	9.91926E+1	1.34637E+2	4.95057E+0	6.68243E+0
-1.58622E-1	1.11016E+2	1.33541E+2	5.55470E+0	6.68298E+0
-1.44401E-1	1.05013E+2	1.32062E+2	5.56438E+0	6.69936E+0
-2.04568E-1	1.29643E+2	1.19716E+2	5.42394E+0	6.70050E+0
-1.67374E-1	1.04847E+2	1.32176E+2	5.42607E+0	6.71602E+0
-1.67374E-1	1.13237E+2	1.26674E+2	5.66640E+0	6.71641E+0
-1.99098E-1	1.23271E+2	1.21401E+2	6.20697E+0	6.71687E+0
-1.67374E-1	1.28606E+2	2.04185E+2	6.50644E+0	6.71712E+0
-1.57528E-1	1.04239E+2	1.25770E+2	5.17694E+0	6.73266E+0
-1.65186E-1	1.13375E+2	1.30454E+2	5.56568E+0	6.73308E+0
-2.02380E-1	1.28399E+2	1.18691E+2	5.25504E+0	6.73378E+0
-1.67374E-1	1.13334E+2	1.31238E+2	5.71489E+0	6.74974E+0
-1.50964E-1	1.18475E+2	1.25176E+2	5.63968E+0	6.74998E+0
-1.55340E-1	1.28882E+2	1.32855E+2	5.77701E+0	6.75046E+0
-1.70655E-1	1.07667E+2	1.26308E+2	5.46204E+0	6.76614E+0
-1.73937E-1	1.17010E+2	1.64138E+2	5.90226E+0	6.76658E+0
-1.36743E-1	1.28150E+2	1.42235E+2	6.07458E+0	6.76709E+0
-1.69562E-1	1.04101E+2	1.33717E+2	5.33318E+0	6.78264E+0
-1.94722E-1	1.10459E+2	1.22453E+2	5.99759E+0	6.78293E+0
-1.72843E-1	1.29339E+2	1.24597E+2	4.89204E+0	6.78381E+0
-1.50964E-1	1.03880E+2	1.36279E+2	5.32883E+0	6.79930E+0
-1.77219E-1	1.16423E+2	1.26135E+2	5.79577E+0	6.79988E+0
-1.91440E-1	1.28122E+2	1.27492E+2	5.18896E+0	6.80042E+0
-1.78313E-1	1.11168E+2	1.23965E+2	5.56709E+0	6.81630E+0
-1.80501E-1	1.22964E+2	1.29633E+2	6.22832E+0	6.81684E+0
-1.68468E-1	1.28689E+2	1.25343E+2	6.38150E+0	6.81711E+0
-1.61904E-1	1.02608E+2	1.30133E+2	5.38216E+0	6.83256E+0
-1.80501E-1	1.12620E+2	1.22752E+2	5.59920E+0	6.83303E+0
-1.91440E-1	1.20226E+2	1.23068E+2	5.98129E+0	6.83338E+0
-1.66280E-1	1.27486E+2	1.27005E+2	6.15032E+0	6.83371E+0
-1.69562E-1	1.00797E+2	1.27282E+2	5.04083E+0	6.84915E+0
-1.52058E-1	1.09675E+2	1.81863E+2	5.69773E+0	6.84956E+0
-1.79407E-1	1.20088E+2	1.22750E+2	5.88248E+0	6.85004E+0
-1.67374E-1	1.26919E+2	1.29122E+2	5.96076E+0	6.85035E+0
-1.76125E-1	1.08126E+2	1.30371E+2	5.33521E+0	6.86615E+0
-1.62998E-1	1.15137E+2	1.37238E+2	6.04447E+0	6.86647E+0
-1.69562E-1	1.26020E+2	1.25415E+2	6.11347E+0	6.86698E+0
-1.58622E-1	1.04046E+2	1.91398E+2	5.39592E+0	6.88263E+0
-1.91440E-1	1.12191E+2	1.25622E+2	5.65873E+0	6.88300E+0
-1.65186E-1	1.01929E+2	1.60456E+2	5.15476E+0	6.89919E+0
-1.67374E-1	1.11110E+2	1.91141E+2	5.62753E+0	6.89961E+0
-2.24259E-1	1.24480E+2	1.26338E+2	5.56231E+0	6.90023E+0
-1.45495E-1	1.05551E+2	1.29944E+2	5.47762E+0	6.91602E+0
-1.73937E-1	1.15437E+2	1.28199E+2	5.66119E+0	6.91648E+0
-1.58622E-1	1.32665E+2	1.26535E+2	6.22731E+0	6.91728E+0
-1.54246E-1	1.03049E+2	1.39972E+2	5.36149E+0	6.93257E+0
-1.68468E-1	1.13667E+2	1.60364E+2	5.88905E+0	6.93306E+0
-1.58622E-1	1.02219E+2	1.32227E+2	5.26489E+0	6.94920E+0
-1.81595E-1	1.18894E+2	1.28074E+2	5.99368E+0	6.94997E+0
-1.50964E-1	1.28199E+2	1.28595E+2	5.67795E+0	6.95040E+0
-1.69562E-1	1.09284E+2	1.34648E+2	5.40965E+0	6.96619E+0
-1.88159E-1	1.17055E+2	1.24463E+2	5.95080E+0	6.96655E+0
-1.81595E-1	1.26250E+2	1.20634E+2	4.86242E+0	6.96697E+0
-1.62998E-1	1.05607E+2	1.32154E+2	5.57152E+0	6.98268E+0
-1.62998E-1	1.16115E+2	1.61759E+2	5.82509E+0	6.98317E+0
-1.29086E-1	1.30467E+2	1.32671E+2	5.63314E+0	6.98383E+0
-1.65186E-1	1.04271E+2	1.33233E+2	5.19827E+0	6.99928E+0
-2.00192E-1	1.13562E+2	1.26568E+2	5.86413E+0	6.99971E+0
-2.06756E-1	1.30000E+2	1.22154E+2	5.72386E+0	7.00047E+0
-1.57528E-1	1.03566E+2	1.39538E+2	5.28177E+0	7.01591E+0
-2.10037E-1	1.12926E+2	1.20321E+2	5.85983E+0	7.01635E+0
-2.02380E-1	1.23005E+2	1.21699E+2	5.97362E+0	7.01681E+0
-1.91440E-1	1.28825E+2	1.37804E+2	6.35659E+0	7.01708E+0
-1.52058E-1	1.04963E+2	1.34240E+2	5.48121E+0	7.03264E+0
-1.75031E-1	1.15650E+2	1.27220E+2	5.65188E+0	7.03314E+0
-2.02380E-1	1.23102E+2	1.23072E+2	5.38923E+0	7.03348E+0
-1.68468E-1	1.02197E+2	1.32304E+2	5.22772E+0	7.04918E+0
-1.59716E-1	1.12387E+2	1.34639E+2	5.57801E+0	7.04965E+0
-2.06756E-1	1.21207E+2	1.23252E+2	5.17490E+0	7.05006E+0
-1.46589E-1	1.28300E+2	1.98668E+2	6.04514E+0	7.05039E+0
-1.65186E-1	1.03829E+2	1.29601E+2	5.13221E+0	7.06592E+0
-1.46589E-1	1.12027E+2	1.30199E+2	5.76231E+0	7.06630E+0
-1.91440E-1	1.27650E+2	1.28077E+2	5.20782E+0	7.06702E+0
-1.71749E-1	1.00843E+2	1.26802E+2	5.13220E+0	7.08245E+0
-2.12225E-1	1.17336E+2	1.53094E+2	6.07956E+0	7.08321E+0
-1.52058E-1	1.04441E+2	1.43020E+2	5.41214E+0	7.09928E+0
-1.89253E-1	1.14106E+2	1.25849E+2	5.77909E+0	7.09972E+0
-1.79407E-1	1.30005E+2	1.64208E+2	5.02678E+0	7.10046E+0
-1.47683E-1	1.06570E+2	1.33170E+2	5.50103E+0	7.11604E+0
-1.94722E-1	1.20673E+2	1.30571E+2	6.11934E+0	7.11669E+0
-1.53152E-1	1.26079E+2	1.27030E+2	6.08838E+0	7.11694E+0
-1.59716E-1	1.03404E+2	1.33858E+2	5.13099E+0	7.13256E+0
-1.78313E-1	1.14659E+2	1.33657E+2	5.83945E+0	7.13308E+0
-1.88159E-1	1.27033E+2	1.25975E+2	5.17852E+0	7.13365E+0
-1.91440E-1	1.03722E+2	1.28531E+2	5.26726E+0	7.14923E+0
-1.94722E-1	1.10718E+2	1.30361E+2	5.79471E+0	7.14956E+0
-1.83783E-1	1.22816E+2	1.32348E+2	5.77504E+0	7.15012E+0
-1.50964E-1	1.30849E+2	1.20655E+2	6.30087E+0	7.15049E+0
-1.62998E-1	1.01247E+2	1.34535E+2	5.29244E+0	7.16578E+0
-1.67374E-1	1.10856E+2	1.24373E+2	5.48624E+0	7.16623E+0
-1.45495E-1	1.16414E+2	1.32166E+2	5.48877E+0	7.16649E+0
-1.64092E-1	1.06626E+2	1.28877E+2	5.33196E+0	7.18270E+0
-1.72843E-1	1.17811E+2	1.30572E+2	5.67229E+0	7.18322E+0
-1.76125E-1	9.87750E+1	1.35247E+2	5.33207E+0	7.19900E+0
-1.60810E-1	1.13553E+2	1.45958E+2	5.56837E+0	7.19968E+0
-1.94722E-1	1.27364E+2	1.27138E+2	5.23083E+0	7.20032E+0
-1.71749E-1	1.04789E+2	1.32617E+2	5.19993E+0	7.21594E+0
-1.62998E-1	1.16539E+2	1.30817E+2	5.36196E+0	7.21648E+0
-1.62998E-1	1.27239E+2	1.30459E+2	5.75829E+0	7.21698E+0
-1.68468E-1	1.13996E+2	1.39213E+2	5.71197E+0	7.23303E+0
-1.76125E-1	1.33087E+2	1.34134E+2	6.21024E+0	7.23391E+0
-1.58622E-1	1.03835E+2	1.31495E+2	4.88907E+0	7.24922E+0
-1.70655E-1	1.14120E+2	1.36495E+2	5.66159E+0	7.24970E+0
-2.13319E-1	1.22401E+2	1.22459E+2	5.65188E+0	7.25008E+0
-1.47683E-1	1.04484E+2	1.31336E+2	5.18300E+0	7.26592E+0
-1.65186E-1	1.20770E+2	1.26654E+2	5.87000E+0	7.26667E+0
-1.26898E-1	1.25152E+2	1.27745E+2	5.99347E+0	7.26688E+0
-1.58622E-1	1.03337E+2	1.40668E+2	5.13745E+0	7.28253E+0
-1.70655E-1	1.13028E+2	1.34001E+2	5.71392E+0	7.28298E+0
-1.83783E-1	1.26894E+2	1.26002E+2	5.10897E+0	7.28362E+0
-1.73937E-1	1.05956E+2	1.29799E+2	5.39969E+0	7.29932E+0
-1.75031E-1	1.20018E+2	1.25085E+2	5.98200E+0	7.29997E+0
-1.62998E-1	1.25964E+2	1.26234E+2	5.85885E+0	7.30024E+0
-1.45495E-1	1.02831E+2	1.81279E+2	5.29882E+0	7.31583E+0
-1.72843E-1	1.10229E+2	1.28739E+2	5.49912E+0	7.31617E+0
-1.90346E-1	1.19203E+2	1.27107E+2	5.96899E+0	7.31659E+0
-1.65186E-1	1.27208E+2	1.27054E+2	5.98922E+0	7.31696E+0
-1.76125E-1	1.03025E+2	1.29858E+2	5.40654E+0	7.33250E+0
-1.55340E-1	1.12261E+2	1.31648E+2	5.58621E+0	7.33293E+0
-2.06756E-1	1.27374E+2	1.24310E+2	5.64338E+0	7.33363E+0
-1.79407E-1	9.98448E+1	1.30584E+2	5.08666E+0	7.34902E+0
-1.69562E-1	1.09897E+2	1.51753E+2	5.65154E+0	7.34949E+0
-1.80501E-1	1.17295E+2	1.27439E+2	6.00052E+0	7.34983E+0
-1.47683E-1	1.28688E+2	1.28718E+2	4.64654E+0	7.35036E+0
-1.67374E-1	1.03302E+2	1.45369E+2	5.57130E+0	7.36585E+0
-1.81595E-1	1.13990E+2	1.26227E+2	5.70130E+0	7.36634E+0
-2.45044E-1	1.25936E+2	1.19882E+2	5.88313E+0	7.36689E+0
-1.37837E-1	1.03827E+2	1.33068E+2	5.29424E+0	7.38253E+0
-1.73937E-1	1.13796E+2	1.21685E+2	5.65188E+0	7.38300E+0
-1.57528E-1	1.05184E+2	1.34024E+2	5.31562E+0	7.39926E+0
-1.65186E-1	1.18899E+2	1.47314E+2	5.72731E+0	7.39990E+0
-1.62998E-1	1.23945E+2	1.55701E+2	6.19835E+0	7.40013E+0
-1.61904E-1	1.07811E+2	1.85076E+2	5.64656E+0	7.41605E+0
-1.83783E-1	1.17530E+2	1.25967E+2	5.83726E+0	7.41650E+0
-1.67374E-1	9.99716E+1	1.45820E+2	5.16708E+0	7.43235E+0
-1.59716E-1	1.12608E+2	1.43375E+2	5.49587E+0	7.43294E+0
-2.03474E-1	1.21760E+2	1.60509E+2	6.22137E+0	7.43336E+0
-1.59716E-1	1.30222E+2	1.32329E+2	6.26940E+0	7.43375E+0
-1.67374E-1	1.05073E+2	1.33095E+2	5.16805E+0	7.44925E+0
-1.68468E-1	1.11972E+2	1.27261E+2	5.77415E+0	7.44957E+0
-2.33010E-1	1.23281E+2	1.27064E+2	5.50692E+0	7.45009E+0
-1.82689E-1	1.30899E+2	1.19460E+2	6.46215E+0	7.45044E+0
-1.68468E-1	1.04382E+2	1.30653E+2	5.03406E+0	7.46588E+0
-1.85971E-1	1.18221E+2	1.32213E+2	5.62710E+0	7.46652E+0
-1.78313E-1	1.03138E+2	1.35162E+2	5.29699E+0	7.48249E+0
-1.84877E-1	1.14585E+2	1.25443E+2	5.67671E+0	7.48302E+0
-1.66280E-1	1.03381E+2	1.46482E+2	5.37728E+0	7.49916E+0
-1.87065E-1	1.13585E+2	1.26965E+2	5.71749E+0	7.49964E+0
-1.69562E-1	1.31034E+2	1.35218E+2	6.01596E+0	7.50044E+0
-1.58622E-1	1.05620E+2	1.28926E+2	5.40985E+0	7.51593E+0
-2.00192E-1	1.12644E+2	1.23109E+2	5.89464E+0	7.51625E+0
-1.90346E-1	1.19433E+2	1.28705E+2	6.04328E+0	7.51657E+0
-1.71749E-1	1.25918E+2	1.26915E+2	5.86168E+0	7.51687E+0
-1.62998E-1	1.02081E+2	1.35971E+2	5.36219E+0	7.53243E+0
-1.79407E-1	1.12105E+2	1.25844E+2	5.66520E+0	7.53289E+0
-1.50964E-1	1.04694E+2	1.29158E+2	5.32198E+0	7.54922E+0
-1.78313E-1	1.14967E+2	1.25540E+2	5.69301E+0	7.54969E+0
-1.48777E-1	1.30010E+2	1.92015E+2	6.43218E+0	7.55039E+0
-1.60810E-1	1.04459E+2	1.33246E+2	5.28834E+0	7.56587E+0
-1.73937E-1	1.17318E+2	1.29227E+2	5.71108E+0	7.56646E+0
-1.49871E-1	1.28448E+2	1.31473E+2	5.93649E+0	7.56698E+0
-1.60810E-1	1.05012E+2	1.26838E+2	5.39165E+0	7.58256E+0
-1.70655E-1	1.15188E+2	1.28512E+2	5.40547E+0	7.58303E+0
-1.68468E-1	1.26222E+2	1.30476E+2	6.49079E+0	7.58354E+0
-1.82689E-1	1.01666E+2	1.34697E+2	5.26670E+0	7.59907E+0
-1.59716E-1	1.10404E+2	1.36242E+2	5.85077E+0	7.59947E+0
-1.71749E-1	1.02883E+2	1.31213E+2	5.46583E+0	7.61578E+0
-1.58622E-1	1.14027E+2	1.30119E+2	5.65267E+0	7.61630E+0
-1.49871E-1	9.95230E+1	1.58845E+2	5.28653E+0	7.63230E+0
-1.59716E-1	1.08234E+2	1.29773E+2	5.60789E+0	7.63270E+0
-1.90346E-1	1.17401E+2	1.26776E+2	5.89702E+0	7.63313E+0
-1.37837E-1	1.29858E+2	2.04480E+2	6.27496E+0	7.63370E+0
-1.59716E-1	1.01625E+2	1.31738E+2	5.23781E+0	7.64906E+0
-1.78313E-1	1.23927E+2	1.27090E+2	5.75506E+0	7.65009E+0
-1.35649E-1	1.30328E+2	1.56949E+2	6.14770E+0	7.65039E+0
-1.61904E-1	1.03906E+2	1.33070E+2	5.36439E+0	7.66583E+0
-1.60810E-1	1.12395E+2	1.31900E+2	5.89783E+0	7.66622E+0
-2.35198E-1	1.26402E+2	1.22256E+2	5.65946E+0	7.66687E+0
-1.73937E-1	1.08483E+2	1.26541E+2	5.51476E+0	7.68271E+0
-1.89253E-1	1.28697E+2	1.25953E+2	5.24022E+0	7.68364E+0
-1.66280E-1	1.01139E+2	1.29034E+2	5.39315E+0	7.69903E+0
-1.61904E-1	1.11798E+2	1.32994E+2	5.28354E+0	7.69952E+0
-1.96910E-1	1.19014E+2	1.31658E+2	6.21559E+0	7.69986E+0
-1.48777E-1	1.06143E+2	1.51996E+2	5.64514E+0	7.71593E+0
-1.68468E-1	1.19318E+2	1.33203E+2	5.81596E+0	7.71654E+0
-1.57528E-1	1.33806E+2	1.36729E+2	6.27896E+0	7.71721E+0
-1.83783E-1	1.09254E+2	1.37784E+2	5.47867E+0	7.73273E+0
-1.99098E-1	1.29037E+2	1.25403E+2	5.41785E+0	7.73365E+0
-1.58622E-1	1.01775E+2	1.28751E+2	5.35003E+0	7.74905E+0
-1.73937E-1	1.12171E+2	1.27595E+2	5.55435E+0	7.74953E+0
-1.58622E-1	1.31165E+2	1.29928E+2	5.94141E+0	7.75041E+0
-1.44401E-1	1.01250E+2	1.32597E+2	5.26080E+0	7.76569E+0
-1.92534E-1	1.09682E+2	1.80309E+2	5.85176E+0	7.76608E+0
-1.93628E-1	1.19760E+2	1.25995E+2	5.90098E+0	7.76655E+0
-1.52058E-1	1.25152E+2	1.28851E+2	5.99605E+0	7.76680E+0
-1.55340E-1	1.02314E+2	1.29334E+2	5.29775E+0	7.78240E+0
-1.69562E-1	1.10747E+2	1.46604E+2	5.70813E+0	7.78279E+0
-2.11131E-1	1.18115E+2	1.21957E+2	5.92781E+0	7.78313E+0
-1.60810E-1	1.28746E+2	1.92311E+2	6.02951E+0	7.78363E+0
-1.52058E-1	1.04951E+2	1.34543E+2	5.12553E+0	7.79919E+0
-1.82689E-1	1.15418E+2	1.25827E+2	5.68221E+0	7.79967E+0
-1.46589E-1	1.32039E+2	1.34542E+2	5.98875E+0	7.80044E+0
-1.87065E-1	1.03859E+2	1.31591E+2	5.23418E+0	7.81580E+0
-1.96910E-1	1.11892E+2	1.22475E+2	5.85568E+0	7.81617E+0
-1.73937E-1	1.29066E+2	1.26154E+2	4.84621E+0	7.81697E+0
-1.49871E-1	1.03430E+2	1.36296E+2	5.39825E+0	7.83245E+0
-1.82689E-1	1.23881E+2	1.42311E+2	6.09149E+0	7.83339E+0
-1.78313E-1	9.88669E+1	1.26456E+2	5.18428E+0	7.84890E+0
-1.58622E-1	1.08740E+2	1.89525E+2	5.54567E+0	7.84935E+0
-1.98004E-1	1.17437E+2	1.23052E+2	5.97366E+0	7.84976E+0
-1.53152E-1	1.22083E+2	1.42467E+2	6.07687E+0	7.84997E+0
-1.34555E-1	1.30684E+2	1.28091E+2	6.18811E+0	7.85037E+0
-1.47683E-1	1.08187E+2	1.40847E+2	5.85263E+0	7.86599E+0
-1.96910E-1	1.20355E+2	1.22848E+2	5.94891E+0	7.86656E+0
-1.58622E-1	1.04771E+2	1.27077E+2	5.02588E+0	7.88250E+0
-1.73937E-1	1.14188E+2	1.48108E+2	5.92255E+0	7.88294E+0
-1.95816E-1	1.27656E+2	1.23581E+2	5.38111E+0	7.88356E+0
